0,0,0,0,0,0,0,0
2.7428e-09,0.14264,0.14264,0,0.042793,0.09985,0,0.14264
2.3515e-09,0.1223,0.1223,0,0.036689,0.085607,0,0.1223
3.7745e-09,0.1223,0,0,0.031455,0.073396,1.7584e-09,0.1223
0.14264,0.1223,0.14264,0,0.13131,0.11619,0.14264,0.1223
0.14264,0.24749,0.26494,0,0.21691,0.15288,0.14264,0.24749
0.26494,0.24749,0.36979,0,0.29031,0.18433,0.26494,0.24749
0.22715,0.24749,0.10485,0,0.25338,0.16851,0.22715,0.24749
0.22715,0.21219,0.10485,0,0.25338,0.16851,0.22715,0.21219
0.22715,0.32457,0.31704,0,0.26472,0.19496,0.22715,0.32457
0.22715,0.42091,0.31704,0.14264,0.26472,0.19496,0.22715,0.42091
0.22715,0.50351,0.31704,0.26494,0.26472,0.19496,0.22715,0.50351
0.22715,0.57433,0.10485,0.14264,0.30165,0.21079,0.22715,0.57433
0.22715,0.49241,0.31704,0.36979,0.29554,0.19654,0.22715,0.49241
0.22715,0.56481,0.31704,0.45968,0.35847,0.22351,0.22715,0.56481
0.22715,0.48425,0.31704,0.39411,0.31257,0.20384,0.22715,0.48425
0.22715,0.41517,0.10485,0.1223,0.2582,0.2582,0.22715,0.41517
0.19475,0.41517,0.089895,0.1223,0.20384,0.31257,0.19475,0.41517
0.19475,0.35595,0.27182,0.39411,0.24948,0.24948,0.19475,0.35595
0.19475,0.30518,0.089895,0.10485,0.17476,0.26798,0.19475,0.30518
0.19475,0.40429,0.27182,0.3379,0.28522,0.28522,0.19475,0.40429
0.19475,0.34662,0.089895,0.23254,0.26415,0.30629,0.19475,0.34662
0.30961,0.34662,0.089895,0.34201,0.34078,0.33913,0.30961,0.34662
0.30961,0.43982,0.21971,0.34201,0.34078,0.33913,0.30961,0.43982
0.26545,0.43982,0.18837,0.34201,0.34078,0.33913,0.26545,0.43982
0.26545,0.51973,0.23305,0.3379,0.34078,0.33913,0.26545,0.51973
0.26545,0.58823,0.23305,0.43234,0.36911,0.40524,0.26545,0.58823
0.26545,0.64697,0.30415,0.34201,0.3934,0.46192,0.26545,0.64697
0.26545,0.69733,0.40341,0.34201,0.43638,0.48034,0.26545,0.69733
0.26545,0.59786,0.23305,0.51331,0.3961,0.46308,0.26545,0.59786
0.22758,0.59786,0.23305,0.44009,0.39298,0.39298,0.22758,0.59786
0.22758,0.51258,0.1998,0.44009,0.37413,0.41182,0.22758,0.51258
0.22758,0.43946,0.34586,0.34201,0.37413,0.41182,0.22758,0.43946
0.19512,0.43946,0.34586,0.29323,0.37413,0.41182,0.19512,0.43946
0.19512,0.51942,0.1713,0.44009,0.43945,0.43982,0.19512,0.51942
0.19512,0.44533,0.43917,0.29323,0.42061,0.39587,0.19512,0.44533
0.19512,0.3818,0.1713,0.37732,0.42061,0.39587,0.19512,0.3818
0.16729,0.3818,0.14687,0.37732,0.42061,0.39587,0.16729,0.3818
0.16729,0.46999,0.14687,0.46614,0.44726,0.45805,0.16729,0.46999
0.16729,0.40295,0.43917,0.2514,0.42731,0.4115,0.16729,0.40295
0.14342,0.40295,0.14687,0.39965,0.38346,0.39271,0.14342,0.40295
0.14342,0.34547,0.37653,0.2514,0.36636,0.35281,0.14342,0.34547
0.12297,0.34547,0.37653,0.21554,0.36636,0.35281,0.12297,0.34547
0.10543,0.34547,0.32282,0.21554,0.32876,0.33669,0.10543,0.34547
0.23303,0.34547,0.14687,0.34264,0.332,0.33808,0.23303,0.34547
0.23303,0.43883,0.32282,0.32744,0.36013,0.40372,0.23303,0.43883
0.19979,0.43883,0.27677,0.32744,0.36013,0.40372,0.19979,0.43883
0.17129,0.43883,0.14687,0.43641,0.32743,0.3897,0.17129,0.43883
0.17129,0.37624,0.27677,0.28073,0.30876,0.34613,0.17129,0.37624
0.14686,0.37624,0.14687,0.37416,0.30876,0.34613,0.14686,0.37624
0.14686,0.32257,0.12592,0.37416,0.30876,0.34613,0.14686,0.32257
0.14686,0.4192,0.12592,0.46343,0.33554,0.40862,0.14686,0.4192
0.14686,0.3594,0.12592,0.39732,0.31571,0.36235,0.14686,0.3594
0.26855,0.3594,0.23729,0.28073,0.31571,0.36235,0.26855,0.3594
0.37289,0.3594,0.2506,0.39732,0.36146,0.38195,0.37289,0.3594
0.37289,0.45078,0.34609,0.28073,0.38725,0.44213,0.37289,0.45078
0.3197,0.45078,0.29672,0.28073,0.35269,0.42732,0.3197,0.45078
0.2741,0.45078,0.2506,0.48329,0.3415,0.42252,0.2741,0.45078
0.37764,0.45078,0.3575,0.48329,0.3415,0.42252,0.37764,0.45078
0.37764,0.52912,0.3575,0.557,0.36361,0.47412,0.37764,0.52912
0.37764,0.59629,0.3575,0.62019,0.38257,0.51835,0.37764,0.59629
0.46642,0.59629,0.25439,0.28073,0.39882,0.55627,0.46642,0.59629
0.46642,0.51123,0.3575,0.67437,0.39882,0.55627,0.46642,0.51123
0.46642,0.43831,0.3065,0.67437,0.39882,0.55627,0.46642,0.43831
0.39988,0.43831,0.21811,0.28073,0.39882,0.55627,0.39988,0.43831
0.48549,0.43831,0.21811,0.38333,0.47064,0.58705,0.48549,0.43831
0.48549,0.51843,0.32964,0.38333,0.47064,0.58705,0.48549,0.51843
0.41624,0.51843,0.26278,0.67437,0.43306,0.57095,0.41624,0.51843
0.49951,0.51843,0.32964,0.32865,0.43306,0.57095,0.49951,0.51843
0.42825,0.51843,0.28262,0.32865,0.43236,0.57065,0.42825,0.51843
0.36717,0.51843,0.28262,0.28177,0.40014,0.55684,0.36717,0.51843
0.45744,0.51843,0.38495,0.28177,0.47177,0.58754,0.45744,0.51843
0.39219,0.51843,0.36794,0.67437,0.43334,0.57107,0.39219,0.51843
0.39219,0.44448,0.31546,0.67437,0.43334,0.57107,0.39219,0.44448
0.39219,0.52372,0.33004,0.28177,0.43334,0.57107,0.39219,0.52372
0.33624,0.52372,0.4131,0.67437,0.43334,0.57107,0.33624,0.52372
0.33624,0.44902,0.33004,0.24158,0.43334,0.57107,0.33624,0.44902
0.33624,0.38497,0.28296,0.24158,0.40038,0.55694,0.33624,0.38497
0.28828,0.38497,0.35418,0.67437,0.40038,0.55694,0.28828,0.38497
0.28828,0.33005,0.30366,0.67437,0.40038,0.55694,0.28828,0.33005
0.28828,0.28297,0.28296,0.20712,0.37152,0.48961,0.28828,0.28297
0.28828,0.24261,0.2426,0.20712,0.34327,0.4775,0.28828,0.24261
0.28828,0.208,0.2426,0.17757,0.34327,0.4775,0.28828,0.208
0.3898,0.208,0.30366,0.57817,0.37987,0.49319,0.3898,0.208
0.3898,0.32098,0.30366,0.63834,0.39792,0.53531,0.3898,0.32098
0.3342,0.32098,0.30366,0.54729,0.37061,0.47157,0.3342,0.32098
0.28653,0.32098,0.2426,0.29489,0.34719,0.41692,0.28653,0.32098
0.3883,0.32098,0.2426,0.39547,0.41759,0.44709,0.3883,0.32098
0.3883,0.41783,0.2426,0.4817,0.47796,0.47296,0.3883,0.41783
0.3883,0.35823,0.30366,0.46922,0.42986,0.45235,0.3883,0.35823
0.3883,0.30713,0.30366,0.40229,0.40978,0.4055,0.3883,0.30713
0.3883,0.26332,0.2426,0.41299,0.40978,0.4055,0.3883,0.26332
0.33291,0.26332,0.26034,0.40229,0.36854,0.38783,0.33291,0.26332
0.33291,0.3684,0.2426,0.35408,0.39412,0.44751,0.33291,0.3684
0.33291,0.31585,0.20799,0.35408,0.39412,0.44751,0.33291,0.31585
0.28542,0.31585,0.20799,0.30357,0.35876,0.43236,0.28542,0.31585
0.24471,0.31585,0.17832,0.30357,0.35876,0.43236,0.24471,0.31585
0.2098,0.31585,0.15289,0.30357,0.35876,0.43236,0.2098,0.31585
0.32252,0.31585,0.26034,0.48755,0.4283,0.46216,0.32252,0.31585
0.32252,0.41344,0.15289,0.40291,0.45023,0.51333,0.32252,0.41344
0.32252,0.49711,0.26034,0.56065,0.50985,0.53888,0.32252,0.49711
0.27652,0.49711,0.15289,0.48808,0.48586,0.4829,0.27652,0.49711
0.23707,0.49711,0.26034,0.48067,0.43712,0.46201,0.23707,0.49711
0.23707,0.56884,0.15289,0.41846,0.45935,0.51386,0.23707,0.56884
0.20326,0.56884,0.26034,0.55475,0.41757,0.49596,0.20326,0.56884
0.20326,0.63035,0.36585,0.55475,0.41757,0.49596,0.20326,0.63035
0.20326,0.54043,0.15289,0.35877,0.39383,0.44057,0.20326,0.54043
0.20326,0.46334,0.36585,0.47562,0.39383,0.44057,0.20326,0.46334
0.20326,0.39725,0.13108,0.35877,0.39383,0.44057,0.20326,0.39725
0.17426,0.39725,0.31366,0.47562,0.39383,0.44057,0.17426,0.39725
0.17426,0.48323,0.11238,0.35877,0.39383,0.44057,0.17426,0.48323
0.29205,0.48323,0.41156,0.47562,0.45785,0.46801,0.29205,0.48323
0.29205,0.55694,0.11238,0.45024,0.46382,0.48192,0.29205,0.55694
0.29205,0.4775,0.4955,0.47562,0.46382,0.48192,0.29205,0.4775
0.29205,0.40939,0.4955,0.40778,0.46382,0.48192,0.29205,0.40939
0.29205,0.49363,0.096351,0.45024,0.4854,0.5323,0.29205,0.49363
0.39303,0.49363,0.22525,0.45024,0.4854,0.5323,0.39303,0.49363
0.33697,0.49363,0.56746,0.40778,0.4854,0.5323,0.33697,0.49363
0.33697,0.56586,0.19312,0.45024,0.4854,0.5323,0.33697,0.56586
0.2889,0.56586,0.56746,0.49225,0.44045,0.51303,0.2889,0.56586
0.2889,0.62779,0.19312,0.38601,0.44045,0.51303,0.2889,0.62779
0.24769,0.62779,0.19312,0.33095,0.40191,0.49651,0.24769,0.62779
0.355,0.62779,0.56746,0.56468,0.40191,0.49651,0.355,0.62779
0.355,0.53824,0.48652,0.56468,0.40107,0.49456,0.355,0.53824
