0,0,0,0,0,0,0,0
0.12546,0.48205,0.60751,0,0.18225,0.42525,0,0.60751
0.1747,0.67125,0.84595,0,0.25378,0.59216,0,0.84595
0.068569,0.26346,0.33203,0,0.099609,0.23242,0,0.33203
0.026913,0.16626,0,0,0.039096,0.091224,8.6949e-09,0.33203
0.026913,0.16626,0.13032,0,0.039096,0.091224,3.4127e-09,0.33203
0.31477,0.3962,0.13032,0.60751,0.18225,0.42525,0.60751,0.33203
0.23855,0.15551,0.13032,0.23844,0.071533,0.16691,0.60751,0.13032
0.39963,0.358,0,0,0.1976,0.46106,0.84595,0.13032
0.72153,0.48345,0,0.60751,0.62285,0.64331,0.93954,0.13032
0.84788,0.5327,0,0.84595,0.78976,0.71484,0.97627,0.13032
0.89747,0.55202,0,0.93954,0.85527,0.74292,0.99069,0.13032
0.43489,0.43415,0,0.36876,0.45573,0.57169,0.38884,0.13032
0.73537,0.51334,0.65866,0.23844,0.72417,0.68673,0.76012,0.13032
0.82361,0.61327,0,0.75224,0.78638,0.83189,0.90585,0.13032
0.43191,0.51889,0,0.29525,0.46648,0.69479,0.35554,0.13032
0.76022,0.60731,0,0.72339,0.76618,0.82323,0.74705,0.13032
0.88908,0.64201,0,0.89143,0.88381,0.87365,0.90072,0.13032
0.93966,0.65563,0.86602,0.23844,0.92998,0.89343,0.96103,0.13032
0.96384,0.69485,0,0.95739,0.9544,0.95041,0.98471,0.13032
0.97632,0.86484,0,0.98327,0.97252,0.95817,0.98471,0.65866
0.98411,0.86694,0,0.99344,0.97963,0.96122,0.994,0.65866
0.98716,0.86776,0,0.99742,0.98242,0.96242,0.99764,0.65866
0.50632,0.74262,0,0.39148,0.55826,0.78064,0.39157,0.65866
0.79964,0.81897,0.94742,0.23844,0.81704,0.89154,0.76119,0.65866
0.68077,0.41694,0.37186,0.23844,0.64437,0.48865,0.76119,0.25852
0.53667,0.41694,0.37186,0.093588,0.64437,0.48865,0.29876,0.25852
0.49002,0.25914,0,0.76116,0.5766,0.33051,0.29876,0.10147
0.69269,0.2891,0,0.90626,0.67817,0.37404,0.72477,0.10147
0.77223,0.30087,0,0.96321,0.71803,0.39113,0.89197,0.10147
0.80345,0.30548,0,0.98556,0.73368,0.39783,0.9576,0.10147
0.81571,0.30729,0,0.99433,0.73982,0.40047,0.98336,0.10147
0.33847,0.18255,0.14595,0.093588,0.31697,0.21925,0.38596,0.10147
0.44562,0.60266,0.66479,0.093588,0.47263,0.58243,0.38596,0.64733
0.36222,0.2855,0.26093,0.093588,0.35147,0.29973,0.38596,0.25407
0.32948,0.16102,0,0.39027,0.30391,0.18877,0.38596,0.099723
0.14217,0.11206,0,0.15318,0.13795,0.11764,0.15149,0.099723
0.11349,0.11206,0,0.15318,0.13795,0.11764,0.059458,0.099723
0.53944,0.2183,0,0.66763,0.49806,0.27198,0.63084,0.099723
0.60932,0.2183,0.60751,0.66763,0.49806,0.27198,0.85511,0.099723
0.73405,0.26,0.10241,0.093588,0.63941,0.33255,0.94313,0.099723
0.85743,0.52276,0.60751,0.86955,0.80299,0.71425,0.97768,0.099723
0.54608,0.46864,0.60751,0.34129,0.61956,0.63564,0.38373,0.099723
0.77764,0.51788,0.6477,0.093588,0.78647,0.70718,0.75812,0.099723
0.86763,0.62101,0.86172,0.093588,0.85068,0.85699,0.90506,0.099723
0.90295,0.66149,0.94573,0.093588,0.87588,0.91579,0.96274,0.099723
0.90976,0.84781,0.9787,0.093588,0.88577,0.93887,0.96274,0.64665
0.91243,0.92094,0.99164,0.093588,0.88966,0.94793,0.96274,0.86131
0.91348,0.94964,0.84595,0.34129,0.89118,0.95149,0.96274,0.94556
0.96563,0.96897,0.93954,0.34129,0.95669,0.97956,0.98537,0.94556
0.9861,0.97655,0.97627,0.34129,0.9824,0.99058,0.99426,0.94556
0.70031,0.67507,0.38318,0.34129,0.56724,0.81266,0.99426,0.37113
0.87404,0.74906,0.38318,0.74146,0.81804,0.92014,0.99775,0.37113
0.70139,0.60481,0.99672,0.093588,0.56724,0.81266,0.99775,0.14567
0.70181,0.76751,0.99871,0.093588,0.56784,0.81405,0.99775,0.66468
0.57651,0.34932,0.38318,0.29102,0.38582,0.38935,0.99775,0.26088
0.38763,0.34932,0.38318,0.11422,0.38582,0.38935,0.39161,0.26088
0.20132,0.30124,0.1504,0.11422,0.22287,0.31951,0.15371,0.26088
0.18389,0.24438,0.05903,0.11422,0.19755,0.30866,0.15371,0.1024
0.6034,0.35551,0.05903,0.65234,0.57423,0.47009,0.66783,0.1024
0.41244,0.25429,0.39199,0.093588,0.29682,0.3512,0.66783,0.04019
0.48872,0.61397,0.76136,0.093588,0.40764,0.60976,0.66783,0.62328
0.26677,0.3911,0.05903,0.25604,0.26888,0.28599,0.26212,0.62328
0.62424,0.48443,0.29883,0.093588,0.58525,0.42158,0.71039,0.62328
0.62424,0.36644,0.05903,0.708,0.58525,0.42158,0.71039,0.24463
0.70972,0.54607,0.29883,0.036733,0.70942,0.4748,0.71039,0.70352
0.79769,0.80746,0.72479,0.036733,0.83721,0.77297,0.71039,0.88363
0.70676,0.428,0.28448,0.036733,0.70512,0.46475,0.71039,0.34682
0.79653,0.76112,0.71916,0.036733,0.83552,0.76903,0.71039,0.74363
0.57182,0.55059,0.05903,0.88539,0.70445,0.4632,0.27882,0.74363
0.31263,0.29873,0.28227,0.036733,0.32794,0.30184,0.27882,0.29187
0.40268,0.6429,0.71829,0.036733,0.45875,0.60706,0.27882,0.72206
0.25978,0.43262,0.05903,0.34751,0.32784,0.3016,0.10944,0.72206
0.23906,0.43262,0.28193,0.036733,0.32784,0.3016,0.042953,0.72206
0.49045,0.59646,0.28193,0.62192,0.42983,0.5396,0.62436,0.72206
0.53789,0.75975,0.023169,0.34751,0.49874,0.70038,0.62436,0.89091
0.80001,0.84161,0.28193,0.85161,0.77621,0.8193,0.85256,0.89091
0.84653,0.88505,0.023169,0.7439,0.80326,0.8824,0.94213,0.89091
0.93246,0.91718,0.28193,0.94176,0.91216,0.92907,0.97729,0.89091
0.93977,0.95488,0.023169,0.89948,0.92278,0.95384,0.97729,0.95718
0.49144,0.84204,0.28193,0.97714,0.54027,0.78991,0.38358,0.95718
0.49431,0.85683,0.28193,0.99103,0.54444,0.79963,0.38358,0.98319
0.36998,0.38059,0.023169,0.35304,0.36382,0.37819,0.38358,0.3859
0.67606,0.46176,0.023169,0.74607,0.63894,0.4961,0.75806,0.3859
0.45766,0.29511,0.28193,0.38897,0.32167,0.36013,0.75806,0.15146
0.53432,0.63461,0.28193,0.76018,0.43303,0.61997,0.75806,0.66695
0.43895,0.28582,0.023169,0.29283,0.29449,0.2967,0.75806,0.26178
0.29544,0.28582,0.0090937,0.29283,0.29449,0.2967,0.29753,0.26178
0.63544,0.37454,0.28193,0.29836,0.59522,0.42559,0.72429,0.26178
0.77566,0.57994,0.28193,0.72461,0.72309,0.72396,0.89178,0.26178
0.81021,0.8003,0.0090937,0.72244,0.77328,0.84107,0.89178,0.71025
0.91195,0.83513,0.0090937,0.89106,0.89131,0.89166,0.95753,0.71025
0.95188,0.84879,0.0090937,0.95724,0.93764,0.91151,0.98333,0.71025
0.67166,0.59424,0.0090937,0.37571,0.53057,0.73705,0.98333,0.27877
0.85757,0.67257,0.28193,0.89191,0.79605,0.85083,0.99346,0.27877
0.5576,0.41147,0.28193,0.35007,0.6335,0.47154,0.38993,0.27877
0.75463,0.60173,0.0090937,0.75497,0.75195,0.74793,0.76055,0.27877
0.38964,0.50701,0.28193,0.74491,0.4309,0.61033,0.29851,0.27877
0.38964,0.45424,0.11065,0.74491,0.4309,0.61033,0.29851,0.10942
0.23968,0.23618,0.11065,0.29237,0.29514,0.29356,0.11716,0.10942
0.48085,0.40896,0.65094,0.29237,0.40271,0.54455,0.65349,0.10942
0.56118,0.44333,0.65094,0.72226,0.4241,0.59448,0.864,0.10942
0.59025,0.67974,0.0090937,0.29632,0.46632,0.69299,0.864,0.65045
0.42668,0.67974,0.0035692,0.29632,0.46632,0.69299,0.33911,0.65045
0.70242,0.74429,0.60891,0.29632,0.68513,0.78677,0.74061,0.65045
0.41159,0.67974,0.86299,0.72226,0.46632,0.69299,0.29068,0.65045
0.56306,0.71984,0.94623,0.72226,0.49129,0.75125,0.7216,0.65045
0.56306,0.59671,0.94623,0.28348,0.49129,0.75125,0.7216,0.2553
0.62251,0.61245,0.23899,0.29632,0.50109,0.77412,0.89073,0.2553
0.81766,0.83706,0.97889,0.28348,0.78458,0.89562,0.89073,0.70771
0.82031,0.89857,0.99172,0.28348,0.78843,0.90459,0.89073,0.88528
0.82135,0.92272,0.99675,0.28348,0.78994,0.90812,0.89073,0.95497
0.84244,0.92367,0.70131,0.29632,0.79053,0.9095,0.95711,0.95497
0.4661,0.84003,0.27526,0.29632,0.50704,0.788,0.37566,0.95497
0.6721,0.93684,0.99872,0.28348,0.80628,0.91625,0.37566,0.98233
0.5468,0.45851,0.27526,0.72381,0.62427,0.49154,0.37566,0.38556
0.74584,0.49316,0.27526,0.8916,0.74172,0.54187,0.75495,0.38556
0.34192,0.38131,0.39199,0.28348,0.36256,0.37938,0.29631,0.38556
0.34192,0.30832,0.27526,0.34995,0.36256,0.37938,0.29631,0.15133
0.24983,0.29289,0.27526,0.13735,0.31028,0.35697,0.1163,0.15133
0.62928,0.38382,0.39199,0.11127,0.61848,0.48906,0.65315,0.15133
0.45646,0.26907,0.15386,0.11127,0.54704,0.32236,0.25636,0.15133
0.70339,0.51676,0.66789,0.11127,0.70125,0.68219,0.70812,0.15133
0.80031,0.61398,0.86965,0.11127,0.76178,0.82342,0.88544,0.15133
0.81666,0.8128,0.71554,0.13735,0.78553,0.87885,0.88544,0.6669
