0,0,0,0,0,0,0,0
1.2865e-08,2.6907e-09,0,0.63993,0.44795,0.19198,6.5866e-09,0
8.6499e-09,2.6907e-09,0,0,0.44795,0.19198,2.3716e-09,0
7.1322e-09,2.6907e-09,0,0.63993,0.44795,0.19198,8.5396e-10,0
0.40951,9.6883e-10,0,0,0.16129,0.069126,0.40951,0
0.40951,1.3834e-08,0,0.63993,0.35327,0.51708,0.40951,6.5866e-09
0.55696,1.6094e-08,0,0.87035,0.4224,0.67837,0.55696,6.5866e-09
0.75751,1.6908e-08,0,0.23042,0.44729,0.73645,0.75751,6.5866e-09
0.27276,1.863e-08,0.63993,0.23042,0.73394,0.8593,0.27276,6.5866e-09
0.27276,0.40951,0,0.95332,0.44729,0.73645,0.27276,0.40951
0.27276,0.75751,0,0.98319,0.45625,0.75736,0.27276,0.75751
0.27276,0.90193,0.23042,0.23042,0.45948,0.76489,0.27276,0.90193
0.24566,0.90193,0.7229,0.23042,0.80421,0.91263,0.24566,0.90193
0.24566,0.47221,0.7229,0.7229,0.80421,0.91263,0.24566,0.47221
0.24566,0.63263,0,0.99395,0.80421,0.91263,0.24566,0.63263
0.24566,0.86385,0,0.35789,0.61339,0.46739,0.24566,0.86385
0.24566,0.31105,0.26029,0.7229,0.61339,0.46739,0.24566,0.31105
0.55106,0.31105,0.26029,0.26029,0.28957,0.32861,0.55106,0.31105
0.36499,0.31105,0.26029,0.093725,0.28957,0.32861,0.36499,0.31105
0.29799,0.31105,0,0.35789,0.62092,0.47062,0.29799,0.31105
0.33632,0.31105,0.73365,0.093725,0.55222,0.3103,0.33632,0.31105
0.18108,0.31105,0,0.12887,0.55222,0.3103,0.18108,0.31105
0.065201,0.31105,0,0.12887,0.55222,0.3103,0.065201,0.31105
0.10594,0.31105,0,0.68633,0.71946,0.70053,0.10594,0.31105
0.10594,0.5512,0.73365,0.033748,0.5877,0.39309,0.10594,0.5512
0.10594,0.66796,0,0.24713,0.70701,0.44422,0.10594,0.66796
0.10594,0.24051,0.9041,0.033748,0.70701,0.44422,0.10594,0.24051
0.6167,0.24051,0,0.24713,0.30202,0.27065,0.6167,0.24051
0.22206,0.24051,0.32554,0.033748,0.41986,0.54561,0.22206,0.24051
0.10155,0.24051,0.32554,0.012152,0.41986,0.54561,0.10155,0.24051
0.044342,0.24051,0.63993,0.24713,0.41986,0.54561,0.044342,0.24051
0.044342,0.24475,0.63993,0.72891,0.44655,0.6079,0.044342,0.24475
0.044342,0.55458,0.32554,0.0043754,0.49859,0.72933,0.044342,0.55458
0.044342,0.40801,0.75715,0.0043754,0.80072,0.85882,0.044342,0.40801
0.044342,0.14971,0.63993,0.90239,0.80072,0.85882,0.044342,0.14971
0.044342,0.46342,0.75715,0.6415,0.80072,0.85882,0.044342,0.46342
0.50049,0.46342,0.27263,0.6415,0.71977,0.82412,0.50049,0.46342
0.35467,0.46342,0.098165,0.6415,0.71977,0.82412,0.35467,0.46342
0.19053,0.46342,0.23042,0.90239,0.71977,0.82412,0.19053,0.46342
0.19053,0.74433,0.23042,0.96485,0.73851,0.86785,0.19053,0.74433
0.19053,0.41546,0.035347,0.6415,0.73851,0.86785,0.19053,0.41546
0.47912,0.41546,0.7229,0.96485,0.45115,0.74469,0.47912,0.41546
0.47912,0.6122,0.035347,0.23099,0.45115,0.74469,0.47912,0.6122
0.32033,0.6122,0.035347,0.7231,0.79563,0.89233,0.32033,0.6122
0.57808,0.6122,0.035347,0.9003,0.91966,0.94549,0.57808,0.6122
0.23077,0.6122,0.65266,0.9003,0.91966,0.94549,0.23077,0.6122
0.50075,0.6122,0.235,0.9003,0.91966,0.94549,0.50075,0.6122
0.75643,0.6122,0.235,0.32417,0.51638,0.77265,0.75643,0.6122
0.47982,0.6122,0.26029,0.96485,0.45396,0.7459,0.47982,0.6122
0.33934,0.6122,0.235,0.11672,0.45396,0.7459,0.33934,0.6122
0.27257,0.6122,0.72455,0.11672,0.79664,0.89276,0.27257,0.6122
0.17284,0.6122,0.72455,0.042029,0.79664,0.89276,0.17284,0.6122
0.52589,0.6122,0.73365,0.96485,0.92003,0.94564,0.52589,0.6122
0.52589,0.68992,0.9041,0.96485,0.92003,0.94564,0.52589,0.68992
0.52589,0.86586,0.90082,0.042029,0.9018,0.90311,0.52589,0.86586
0.52589,0.88823,0.9041,0.34742,0.49828,0.73017,0.52589,0.88823
0.52589,0.89838,0.32436,0.042029,0.33128,0.3405,0.52589,0.89838
0.52589,0.35038,0.32436,0.65506,0.56277,0.43971,0.52589,0.35038
0.39693,0.35038,0.11679,0.65506,0.56277,0.43971,0.39693,0.35038
0.56211,0.35038,0.32554,0.34742,0.26933,0.31395,0.56211,0.35038
0.42472,0.35038,0.32554,0.76502,0.39462,0.60628,0.42472,0.35038
0.64249,0.35038,0.11679,0.23587,0.43973,0.71153,0.64249,0.35038
0.38228,0.35038,0.32554,0.91539,0.35637,0.67581,0.38228,0.35038
0.34597,0.35038,0.11679,0.08493,0.35637,0.67581,0.34597,0.35038
0.17892,0.35038,0.11679,0.030581,0.35637,0.67581,0.17892,0.35038
0.083995,0.35038,0.11679,0.011011,0.35637,0.67581,0.083995,0.35038
0.10498,0.35038,0.11722,0.91539,0.752,0.84537,0.10498,0.35038
0.11281,0.35038,0.68198,0.011011,0.752,0.84537,0.11281,0.35038
0.047667,0.35038,0.68198,0.0039649,0.752,0.84537,0.047667,0.35038
0.45358,0.35038,0.88549,0.0039649,0.89446,0.90642,0.45358,0.35038
0.45358,0.1287,0.042207,0.91539,0.89446,0.90642,0.45358,0.1287
0.45358,0.07335,0.015197,0.91539,0.89446,0.90642,0.45358,0.07335
0.45358,0.6122,0.015197,0.32961,0.71873,0.49637,0.45358,0.6122
0.45358,0.23016,0.88549,0.0014276,0.81346,0.71743,0.45358,0.23016
0.72997,0.23016,0.31884,0.0014276,0.41681,0.54743,0.72997,0.23016
0.46688,0.23016,0.11481,0.0014276,0.27398,0.48622,0.46688,0.23016
0.16902,0.23016,0.11481,0.64044,0.64193,0.64391,0.16902,0.23016
0.13433,0.23016,0.6454,0.32961,0.64193,0.64391,0.13433,0.23016
0.13433,0.49588,0.87232,0.32961,0.71001,0.80276,0.13433,0.49588
0.13433,0.38948,0.041338,0.64044,0.71001,0.80276,0.13433,0.38948
0.4582,0.38948,0.041338,0.23061,0.42312,0.6798,0.4582,0.38948
0.31256,0.38948,0.041338,0.083034,0.31982,0.63553,0.31256,0.38948
0.16568,0.38948,0.87232,0.11868,0.73057,0.81157,0.16568,0.38948
0.1356,0.38948,0.87232,0.68266,0.73057,0.81157,0.1356,0.38948
0.1356,0.5771,0.041338,0.66983,0.7346,0.82096,0.1356,0.5771
0.1356,0.63644,0.87232,0.88574,0.8825,0.88435,0.1356,0.63644
0.1356,0.79597,0.041338,0.88111,0.90444,0.93553,0.1356,0.79597
0.1356,0.85046,0.041338,0.95719,0.95769,0.95836,0.1356,0.85046
0.1356,0.33268,0.87232,0.95886,0.95769,0.95836,0.1356,0.33268
0.1356,0.73339,0.65481,0.95719,0.96559,0.97679,0.1356,0.73339
0.1356,0.87661,0.65481,0.98459,0.98477,0.98501,0.1356,0.87661
0.1356,0.94571,0.65481,0.35452,0.75392,0.88607,0.1356,0.94571
0.1356,0.56739,0.87232,0.98519,0.83286,0.9199,0.1356,0.56739
0.1356,0.83475,0.87232,0.99467,0.83571,0.92654,0.1356,0.83475
0.1356,0.93708,0.65481,0.76758,0.83673,0.92893,0.1356,0.93708
0.1356,0.75645,0.87232,0.99808,0.83673,0.92893,0.1356,0.75645
0.1356,0.91108,0.87232,0.99931,0.8371,0.92979,0.1356,0.91108
0.1356,0.88627,0.3141,0.99931,0.8371,0.92979,0.1356,0.88627
0.1356,0.95861,0.3141,0.99975,0.83723,0.9301,0.1356,0.95861
0.1356,0.98494,0.3141,0.99991,0.83728,0.93021,0.1356,0.98494
0.1356,0.99452,0.3141,0.36004,0.64532,0.4823,0.1356,0.99452
0.1356,0.5885,0.3141,0.76957,0.76818,0.76897,0.1356,0.5885
0.1356,0.4129,0.23578,0.76758,0.76818,0.76897,0.1356,0.4129
0.1356,0.63987,0.75303,0.76957,0.42434,0.62161,0.1356,0.63987
0.1356,0.72287,0.75303,0.91703,0.46858,0.72483,0.1356,0.72287
0.1356,0.84712,0.23578,0.27638,0.48451,0.762,0.1356,0.84712
0.1356,0.48189,0.75303,0.97012,0.45608,0.74982,0.1356,0.48189
0.1356,0.79432,0.75303,0.98924,0.46182,0.7632,0.1356,0.79432
0.1356,0.7679,0.27114,0.98924,0.46182,0.7632,0.1356,0.7679
0.1356,0.90954,0.23578,0.099518,0.27191,0.32007,0.1356,0.90954
0.1356,0.39118,0.23578,0.035834,0.27191,0.32007,0.1356,0.39118
0.19971,0.39118,0.72483,0.035834,0.61424,0.46679,0.19971,0.39118
0.53575,0.39118,0.26099,0.035834,0.28955,0.32764,0.53575,0.39118
0.35992,0.39118,0.7339,0.035834,0.62059,0.46951,0.35992,0.39118
0.59924,0.39118,0.27114,0.3562,0.73979,0.52059,0.59924,0.39118
0.59924,0.3688,0.90419,0.035834,0.86339,0.80899,0.59924,0.3688
0.2387,0.3688,0.90419,0.012903,0.86339,0.80899,0.2387,0.3688
0.094206,0.3688,0.27114,0.76819,0.86339,0.80899,0.094206,0.3688
0.094206,0.62438,0.27114,0.91653,0.90789,0.91283,0.094206,0.62438
0.20743,0.62438,0.097631,0.91653,0.90789,0.91283,0.20743,0.62438
0.20743,0.81133,0.097631,0.33002,0.73194,0.50227,0.20743,0.81133
0.28588,0.81133,0.90419,0.0046459,0.86056,0.80239,0.28588,0.81133
0.10591,0.81133,0.097631,0.75876,0.86056,0.80239,0.10591,0.81133
0.10591,0.77769,0.097631,0.91314,0.90687,0.91045,0.10591,0.77769
