0,0,0,0,0,0,0,0
7.3826e-09,0.24505,0,0.47916,0.14375,0.33541,0,0.24505
1.1228e-08,0.48486,0,0.72872,0.21862,0.51011,0,0.48486
1.323e-08,0.66819,0,0.85871,0.25761,0.6011,0,0.66819
1.4274e-08,0.7941,0,0.92641,0.27792,0.64849,0,0.7941
1.4817e-08,0.87553,0,0.96167,0.2885,0.67317,0,0.87553
1.51e-08,0.9262,0,0.98004,0.29401,0.68603,0,0.9262
1.5247e-08,0.95689,0,0,0.29688,0.69272,0,0.95689
1.5247e-08,0.49839,0,0,0.29688,0.69272,0,0.49839
1.5247e-08,0.49839,0,0.9896,0.29688,0.69272,0,0.49839
1.5247e-08,0.49839,0,0.9896,0.29688,0.69272,0,0.49839
0.47672,0.49839,0,0,0.29838,0.69621,0.47672,0.49839
0.47672,0.50463,0,0.99458,0.63379,0.83996,0.47672,0.50463
0.47672,0.49567,0,0.51802,0.49082,0.50636,0.47672,0.49567
0.2483,0.49567,0,0.51802,0.49082,0.50636,0.2483,0.49567
0.2483,0.37944,0,0.26981,0.41635,0.33261,0.2483,0.37944
0.43754,0.37944,0,0.61969,0.52132,0.57753,0.43754,0.37944
0.61801,0.37944,0,0.80192,0.57599,0.70509,0.61801,0.37944
0.61801,0.63041,0,0.89683,0.60446,0.77153,0.61801,0.63041
0.61801,0.78335,0.47916,0,0.61929,0.80613,0.61801,0.78335
0.61801,0.76523,0,0.94626,0.79399,0.881,0.61801,0.76523
0.61801,0.86514,0,0.97201,0.80171,0.89903,0.61801,0.86514
0.61801,0.92321,0,0.98542,0.80573,0.90841,0.61801,0.92321
0.61801,0.71154,0,0.51325,0.66408,0.57789,0.61801,0.71154
0.61801,0.49075,0,0.26732,0.5903,0.40574,0.61801,0.49075
0.61801,0.31818,0,0.13923,0.55188,0.31608,0.61801,0.31818
0.61801,0.19832,0,0.072518,0.53186,0.26938,0.61801,0.19832
0.61801,0.10329,0.72872,0,0.53186,0.26938,0.61801,0.10329
0.32189,0.10329,0.72872,0,0.53186,0.26938,0.32189,0.10329
0.5833,0.10329,0,0.072518,0.62285,0.30837,0.5833,0.10329
0.56584,0.10329,0.85871,0,0.75617,0.61946,0.56584,0.10329
0.74079,0.10329,0,0.51693,0.80357,0.63977,0.74079,0.10329
0.50685,0.10329,0.92641,0,0.72926,0.46639,0.50685,0.10329
0.26399,0.10329,0.92641,0,0.72926,0.46639,0.26399,0.10329
0.59943,0.10329,0.96167,0,0.75394,0.47697,0.59943,0.10329
0.78239,0.10329,0.98004,0,0.7668,0.48248,0.78239,0.10329
0.88199,0.10329,0.9896,0,0.77349,0.48535,0.88199,0.10329
0.69105,0.10329,0,0.26924,0.44157,0.34309,0.69105,0.10329
0.66801,0.10329,0,0.61939,0.54661,0.5882,0.66801,0.10329
0.49293,0.10329,0,0.3226,0.45758,0.38045,0.49293,0.10329
0.33226,0.10329,0,0.16803,0.41121,0.27225,0.33226,0.10329
0.17305,0.10329,0,0.16803,0.41121,0.27225,0.17305,0.10329
0.12947,0.10329,0.51543,0,0.38705,0.21589,0.12947,0.10329
0.12947,0.17446,0,0.087514,0.21417,0.1418,0.12947,0.17446
0.33297,0.17446,0.26845,0,0.34534,0.44785,0.33297,0.17446
0.48133,0.17446,0.61898,0,0.59071,0.55301,0.48133,0.17446
0.64066,0.17446,0,0.52474,0.71851,0.60778,0.64066,0.17446
0.45652,0.17446,0,0.27331,0.64308,0.43178,0.45652,0.17446
0.45652,0.3999,0,0.62151,0.74754,0.67552,0.45652,0.3999
0.45652,0.59884,0,0.80287,0.80194,0.80247,0.45652,0.59884
0.45652,0.74491,0,0.89732,0.83028,0.86859,0.45652,0.74491
0.45652,0.8431,0,0.94652,0.84504,0.90303,0.45652,0.8431
0.45652,0.90576,0.80155,0,0.85273,0.92097,0.45652,0.90576
0.45652,0.6594,0.41748,0,0.58388,0.80575,0.45652,0.6594
0.45652,0.5885,0.41748,0.47916,0.62706,0.82425,0.45652,0.5885
0.45652,0.41869,0.41748,0.24957,0.58388,0.80575,0.45652,0.41869
0.45652,0.27649,0,0.97215,0.58388,0.80575,0.45652,0.27649
0.45652,0.61665,0.41748,0.12998,0.58788,0.81509,0.45652,0.61665
0.45652,0.59666,0.41748,0.54686,0.67845,0.8539,0.45652,0.59666
0.45652,0.4085,0.21744,0.54686,0.67845,0.8539,0.45652,0.4085
0.45652,0.58584,0.21744,0.76399,0.83044,0.91904,0.45652,0.58584
0.45652,0.72904,0.21744,0.87707,0.9096,0.95297,0.45652,0.72904
0.45652,0.58504,0,0.98549,0.61542,0.82689,0.45652,0.58504
0.45652,0.78048,0,0.99244,0.6175,0.83176,0.45652,0.78048
0.45652,0.88389,0,0.99606,0.61859,0.83429,0.45652,0.88389
0.45652,0.93861,0.21744,0.45682,0.61916,0.83561,0.45652,0.93861
0.45652,0.59581,0,0.99795,0.46594,0.76994,0.45652,0.59581
0.45652,0.789,0,0.99893,0.46623,0.77063,0.45652,0.789
0.45652,0.6448,0,0.52029,0.32264,0.43558,0.45652,0.6448
0.45652,0.45764,0,0.27099,0.24785,0.26107,0.45652,0.45764
0.45652,0.3018,0,0.14114,0.20889,0.17018,0.45652,0.3018
0.45652,0.43528,0.21744,0.23793,0.33235,0.45825,0.45652,0.43528
0.53373,0.43528,0.59241,0.23793,0.58049,0.56459,0.53373,0.43528
0.66173,0.43528,0.78771,0.23793,0.7172,0.62318,0.66173,0.43528
0.52906,0.43528,0,0.55267,0.45299,0.50995,0.52906,0.43528
0.65,0.43528,0,0.76701,0.51729,0.65999,0.65,0.43528
0.76316,0.43528,0,0.87865,0.55079,0.73814,0.76316,0.43528
0.60318,0.43528,0,0.45764,0.42448,0.44343,0.60318,0.43528
0.4213,0.43528,0.41027,0.23793,0.3587,0.28993,0.4213,0.43528
0.31548,0.43528,0,0.23836,0.23806,0.23823,0.31548,0.43528
0.31548,0.28251,0.21369,0.23793,0.20379,0.15828,0.31548,0.28251
0.31548,0.4479,0.21369,0.60308,0.4594,0.26783,0.31548,0.4479
0.31548,0.37447,0.21369,0.31411,0.25712,0.18113,0.31548,0.37447
0.45939,0.37447,0,0.12415,0.45056,0.26404,0.45939,0.37447
0.51339,0.37447,0.59046,0.31411,0.57646,0.55781,0.51339,0.37447
0.40562,0.37447,0.30753,0.31411,0.38302,0.47491,0.40562,0.37447
0.28326,0.37447,0.16018,0.31411,0.38302,0.47491,0.28326,0.37447
0.43009,0.37447,0.56259,0.31411,0.55696,0.54945,0.43009,0.37447
0.60076,0.37447,0,0.54382,0.70367,0.61233,0.60076,0.37447
0.68527,0.37447,0,0.7624,0.76924,0.76533,0.68527,0.37447
0.78045,0.37447,0,0.87625,0.8034,0.84503,0.78045,0.37447
0.85668,0.37447,0.77218,0.31411,0.82119,0.88653,0.85668,0.37447
0.62696,0.37447,0,0.93555,0.56219,0.77554,0.62696,0.37447
0.54556,0.37447,0.40218,0.31411,0.42771,0.46174,0.54556,0.37447
0.54556,0.26857,0,0.48727,0.42771,0.46174,0.54556,0.26857
0.54556,0.25396,0.40218,0.1636,0.35766,0.29831,0.54556,0.25396
0.54556,0.47148,0.68863,0.1636,0.55818,0.38424,0.54556,0.47148
0.54556,0.40678,0.35867,0.1636,0.3272,0.28525,0.54556,0.40678
0.36812,0.40678,0,0.25379,0.2069,0.2337,0.36812,0.40678
0.4962,0.40678,0,0.61134,0.31417,0.48398,0.4962,0.40678
0.64661,0.40678,0.18681,0.1636,0.37004,0.61434,0.64661,0.40678
0.62557,0.40678,0.57646,0.1636,0.64279,0.73124,0.62557,0.40678
0.70583,0.40678,0.7794,0.1636,0.78485,0.79212,0.70583,0.40678
0.40592,0.40678,0.7794,0.08521,0.78485,0.79212,0.40592,0.40678
0.39388,0.40678,0.40594,0.08521,0.52343,0.68008,0.39388,0.40678
0.2251,0.40678,0,0.79757,0.52343,0.68008,0.2251,0.40678
0.54901,0.40678,0,0.89457,0.55253,0.74798,0.54901,0.40678
0.54901,0.42129,0.40594,0.044381,0.42394,0.44793,0.54901,0.42129
0.54901,0.55951,0,0.46593,0.62319,0.53333,0.54901,0.55951
0.54901,0.29142,0.69059,0.044381,0.62319,0.53333,0.54901,0.29142
0.54901,0.55851,0,0.46593,0.72697,0.5778,0.54901,0.55851
0.54901,0.64502,0,0.72183,0.80374,0.75694,0.54901,0.64502
0.54901,0.50494,0.83885,0.044381,0.69998,0.51483,0.54901,0.50494
0.54901,0.70443,0,0.37596,0.75403,0.53799,0.54901,0.70443
0.54901,0.36689,0.91607,0.044381,0.75403,0.53799,0.54901,0.36689
0.74546,0.36689,0,0.37596,0.78219,0.55006,0.74546,0.36689
0.38826,0.36689,0.95628,0.044381,0.78219,0.55006,0.38826,0.36689
0.21261,0.36689,0.95628,0.023115,0.78219,0.55006,0.21261,0.36689
0.11615,0.36689,0,0.37596,0.78219,0.55006,0.11615,0.36689
0.11615,0.52416,0.95628,0.012039,0.87189,0.75937,0.11615,0.52416
0.28437,0.52416,0.49807,0.012039,0.55114,0.6219,0.28437,0.52416
0.50976,0.52416,0.73858,0.012039,0.71949,0.69405,0.50976,0.52416
0.43841,0.52416,0,0.67497,0.47177,0.58789,0.43841,0.52416
