0,0,0,0,0,0,0,0
0.69496,0.21828,0,0,0.63927,0.27397,0.91324,0
0.92934,0.72761,0.91324,0,0.91324,0.91324,0.99247,0
0.93074,0.72761,0.91324,0.91324,0.91324,0.91324,0.99935,0
0.74523,0.72761,0.91324,0.079234,0.91324,0.91324,0.086704,0
0.72914,0.72761,0.91324,0.0068744,0.91324,0.91324,0.0075226,0
0.95756,0.74655,0.91324,0,0.9687,0.93701,0.91389,0
0.58857,0.28141,0.99247,0.0068744,0.7185,0.35321,0.07929,0
0.76332,0.28305,0.99935,0.0068744,0.72331,0.35527,0.92012,0
0.083521,0.064914,0.079234,0,0.084463,0.081475,0.07983,0
0.28451,0.71951,0.92011,0,0.33673,0.67009,0.07983,0.91324
0.083664,0.081352,0.07983,0,0.084642,0.081892,0.07983,0.079234
0.066239,0.025984,0.086704,0.0068744,0.062771,0.03086,0.07983,0.0068744
0.5314,0.4097,0.92076,0.0068744,0.64661,0.28108,0.07983,0.91384
0.57176,0.44299,0.0069261,0,0.69727,0.30279,0.07983,0.99252
0.78853,0.95017,0.91384,0,0.96934,0.93763,0.07983,0.99935
0.58906,0.29922,0.079286,0,0.71897,0.35344,0.07983,0.086705
0.78839,0.93386,0.079286,0.91324,0.96916,0.9372,0.07983,0.92076
0.58906,0.29783,0.079286,0.079234,0.71897,0.35344,0.07983,0.079886
0.79003,0.93758,0.079286,0.92011,0.97122,0.94202,0.07983,0.92017
0.79003,0.76676,0.0068789,0.92011,0.97122,0.94202,0.07983,0.079835
0.58919,0.28331,0.99313,0.0068744,0.71914,0.35382,0.07983,0.0069266
0.068544,0.066525,0.086165,0.0068744,0.084264,0.08173,0.0069262,0.0069266
0.71833,0.266,0.92071,0.0068744,0.66845,0.3321,0.91384,0.0069266
0.079748,0.065024,0.0068789,0.07983,0.079867,0.079846,0.079286,0.0069266
0.047605,0.024364,0.079882,0.0068744,0.057995,0.028813,0.0068789,0.0069266
0.0056421,0.0069273,0.0069307,0.0068744,0.0069293,0.0069275,0.00059682,0.0069266
0.0055313,0.0069273,0.0069307,0.00059643,0.0069293,0.0069275,5.1781e-05,0.0069266
0.0055217,0.0069273,0.0068789,0.0069261,0.0069293,0.0069275,4.4926e-06,0.0069266
0.0055104,0.0056152,0.0068789,0.00060092,0.0069151,0.0068944,4.4926e-06,0.00060096
0.0040099,0.0020023,0.00059682,0.00060092,0.0050317,0.0024998,4.4926e-06,5.214e-05
0.0040089,0.0019903,0.00059682,5.2136e-05,0.0050305,0.002497,4.4926e-06,4.5237e-06
0.22216,0.69664,0.91329,5.2136e-05,0.27884,0.64138,4.4926e-06,0.91324
0.022806,0.061954,0.0069307,5.1747e-05,0.028623,0.057546,4.4926e-06,0.079234
0.71423,0.27872,0.91384,5.1747e-05,0.66346,0.32962,0.91324,0.079234
0.77422,0.29753,0.079238,5.2136e-05,0.71854,0.35322,0.99247,0.079234
0.97496,0.76267,0.99252,5.1747e-05,0.96874,0.93703,0.99935,0.079234
0.28393,0.54602,0.086112,5.1747e-05,0.33425,0.6651,0.086704,0.079234
0.7494,0.91642,0.079238,0.91324,0.91847,0.91548,0.086704,0.92011
0.93787,0.96061,0.079238,0.99247,0.94224,0.97094,0.92076,0.92011
0.72123,0.28432,0.92071,5.1747e-05,0.67033,0.33649,0.92076,0.07983
0.77633,0.30163,0.99312,5.1747e-05,0.72102,0.35821,0.99313,0.07983
0.78111,0.30313,0.9994,5.1747e-05,0.72541,0.3601,0.9994,0.07983
0.086566,0.084976,0.086709,5.1747e-05,0.086529,0.086288,0.086709,0.07983
0.71707,0.28253,0.086709,0.91324,0.6651,0.33425,0.92076,0.07983
0.085179,0.084976,0.086709,0.079234,0.086529,0.086288,0.079886,0.07983
0.070349,0.084976,0.079238,0.086108,0.086529,0.086288,0.006931,0.07983
0.068707,0.066325,0.086709,0.0068744,0.084468,0.081479,0.006931,0.0069261
0.53387,0.45003,0.92076,0.0068744,0.6683,0.3317,0.006931,0.91384
0.75857,0.46732,0.99313,0.0068744,0.71896,0.3534,0.91384,0.91384
0.083111,0.25054,0.079238,0.0074708,0.084087,0.081316,0.079286,0.91384
0.051239,0.21052,0.086165,0.0068744,0.062556,0.031079,0.0068789,0.91384
0.6972,0.40835,0.086165,0.91384,0.64193,0.27938,0.91384,0.91384
0.065957,0.21052,0.086165,0.079285,0.062556,0.031079,0.079285,0.91384
0.5314,0.42598,0.0068748,0.0074708,0.64674,0.28144,0.079285,0.99252
0.91895,0.93147,0.91384,0.0074708,0.91865,0.9159,0.92012,0.99252
0.93776,0.97675,0.92071,0.079285,0.94226,0.97098,0.92012,0.99935
0.97814,0.99418,0.99252,0.0074708,0.99294,0.9927,0.92012,0.99994
0.76149,0.30304,0.99312,0.079285,0.72102,0.35822,0.92012,0.086756
0.77982,0.30454,0.086112,0.0074708,0.72542,0.3601,0.99307,0.086756
0.76102,0.24457,0.9994,0.079285,0.70182,0.30505,0.99307,0.0075271
0.76261,0.2447,0.99995,0.079285,0.70221,0.30521,0.9994,0.0075271
0.76275,0.24472,1,0.079285,0.70224,0.30523,0.99995,0.0075271
0.76276,0.24472,1,0.079285,0.70224,0.30523,1,0.0075271
0.76277,0.42895,1,0.079285,0.70224,0.30523,1,0.91389
0.76277,0.42895,1,0.079285,0.70224,0.30523,1,0.91389
0.067809,0.21067,0.0074712,0.0074708,0.062974,0.031258,0.086761,0.91389
0.051704,0.21067,0.0074712,0.00064818,0.062974,0.031258,0.0075275,0.91389
0.45245,0.71586,0.086761,0.079285,0.33472,0.66533,0.91389,0.91389
0.45245,0.54621,0.086761,0.0068789,0.33472,0.66533,0.91389,0.07929
0.91758,0.91647,0.92077,0.0068789,0.91853,0.91554,0.91389,0.92012
0.27897,0.71548,0.0074712,0.9133,0.32991,0.66327,0.07929,0.92012
0.07961,0.079514,0.0074712,0.079238,0.079692,0.079433,0.07929,0.07983
0.27911,0.71582,0.91389,0.079238,0.33009,0.66369,0.07929,0.92017
0.2979,0.7745,0.99253,0.079238,0.35368,0.71874,0.07929,0.99307
0.081254,0.084634,0.086113,0.079238,0.081755,0.084245,0.07929,0.08616
0.2806,0.71941,0.079887,0.0068789,0.33195,0.66805,0.07929,0.92071
0.7457,0.93345,0.086113,0.92011,0.91572,0.91823,0.07929,0.99312
0.93405,0.97414,0.086113,0.99307,0.93761,0.9693,0.92012,0.99312
0.93556,0.97895,0.086113,0.9994,0.9395,0.97373,0.92012,0.9994
0.71741,0.28441,0.079887,0.91384,0.6657,0.33485,0.92012,0.086709
0.77613,0.30322,0.079887,0.99252,0.72078,0.35845,0.99307,0.086709
0.086265,0.086566,0.086113,0.086709,0.086291,0.08653,0.08616,0.086709
0.070271,0.086566,0.079887,0.086112,0.086291,0.08653,0.0074753,0.086709
0.71968,0.28592,0.92017,0.086112,0.67013,0.33675,0.91389,0.086709
0.084868,0.086566,0.079835,0.086112,0.086291,0.08653,0.07929,0.086709
0.066648,0.085066,0.0074712,0.086709,0.081897,0.084647,0.0068793,0.086709
0.047721,0.024807,0.0074712,0.007523,0.058141,0.029217,0.0068793,0.007523
0.26436,0.71453,0.91389,0.007523,0.33005,0.66367,0.0068793,0.91389
0.28316,0.77438,0.079835,0.0074712,0.35364,0.71872,0.0068793,0.99253
0.75182,0.97662,0.92017,0.0074712,0.94187,0.97082,0.0068793,0.99935
0.79248,0.99417,0.99307,0.0074712,0.99291,0.99269,0.0068793,0.99994
0.98036,0.99568,0.9994,0.0074712,0.99734,0.99459,0.91384,0.99994
0.30171,0.77753,0.99253,0.007523,0.35845,0.72078,0.079285,0.99994
0.30334,0.78134,0.99935,0.007523,0.3605,0.72556,0.079285,1
0.30348,0.78167,0.086709,0.0074712,0.36068,0.72597,0.079285,1
0.76481,0.97939,0.99994,0.007523,0.9397,0.97413,0.079285,1
0.76482,0.97941,1,0.007523,0.93972,0.97416,0.079285,1
0.76482,0.97942,1,0.007523,0.93972,0.97417,0.079285,1
0.54654,0.28446,0.086709,0.91389,0.66575,0.3349,0.079285,0.086761
0.76131,0.30326,0.086709,0.99253,0.7208,0.35849,0.92012,0.086761
0.085323,0.086749,0.086709,0.086113,0.086725,0.086745,0.07983,0.086761
0.7213,0.2861,0.92076,0.086113,0.67056,0.33696,0.92017,0.086761
0.084992,0.086606,0.079886,0.086113,0.086307,0.086567,0.079834,0.086761
0.081519,0.069012,0.079886,0.0074712,0.081949,0.084699,0.079834,0.0075275
0.081519,0.067615,0.086761,0.007523,0.081949,0.084699,0.079834,0.00065309
0.27922,0.71443,0.079886,0.00064821,0.33009,0.66369,0.079834,0.9133
0.74786,0.93137,0.086761,0.91389,0.91829,0.91578,0.079834,0.99248
0.55016,0.28583,0.92017,0.00064821,0.67015,0.33678,0.079834,0.086108
0.76163,0.30325,0.99307,0.00064821,0.72118,0.35865,0.92017,0.086108
0.77997,0.30477,0.9994,0.00064821,0.72561,0.36055,0.99307,0.086108
0.78126,0.30477,0.9994,0.9133,0.72561,0.36055,0.9994,0.086108
0.59574,0.30477,0.9994,0.079238,0.72561,0.36055,0.086709,0.086108
0.76558,0.3049,0.086761,0.07929,0.72599,0.36072,0.92076,0.086108
0.97948,0.76967,0.99995,0.079238,0.976,0.94407,0.99313,0.086108
0.28583,0.5514,0.086761,0.92012,0.33677,0.67011,0.086165,0.086108
0.086637,0.070643,0.086761,0.07983,0.086758,0.08676,0.086165,0.0074709
0.084981,0.065391,0.086757,0.079238,0.084679,0.081908,0.086165,0.00064818
0.71939,0.26458,0.0075275,0.07983,0.66803,0.33192,0.92071,0.00064818
0.5312,0.22426,0.086757,0.92011,0.64634,0.2813,0.079882,0.00064818
0.051593,0.025066,0.086757,0.07983,0.062988,0.031296,0.0069307,0.00064818
0.046444,0.023411,0.0075275,0.0069262,0.058139,0.029218,0.00060131,0.00064818
0.44859,0.52887,0.0075275,0.91384,0.33003,0.66364,0.91329,0.00064818
0.4674,0.75827,0.0075275,0.99252,0.35364,0.71872,0.91329,0.9133
0.25075,0.083214,0.0075275,0.086112,0.081715,0.084228,0.91329,0.079238
