0,0,0,0,0,0,0,0
0.028448,0.31502,0,0,0.10304,0.24043,0,0.34347
0.34347,0.34347,0.34347,0,0.34347,0.34347,0.34347,0.34347
0.25807,0.34347,0,0.34347,0.34347,0.34347,0.2255,0.34347
0.202,0.34347,0.34347,0,0.34347,0.34347,0.14805,0.34347
0.45741,0.36215,0,0.34347,0.50132,0.41112,0.44067,0.34347
0.61516,0.40573,0,0.56897,0.56897,0.56897,0.63278,0.34347
0.44164,0.36796,0.56897,0,0.51034,0.43217,0.41544,0.34347
0.30058,0.35177,0.37354,0,0.37354,0.37354,0.27275,0.34347
0.52299,0.36959,0.58871,0,0.52416,0.43809,0.52254,0.34347
0.669,0.38129,0.72998,0,0.62305,0.48047,0.68653,0.34347
0.68693,0.55222,0,0.37354,0.68797,0.5083,0.68653,0.56897
0.51623,0.55222,0.82272,0,0.68797,0.5083,0.45073,0.56897
0.52799,0.66443,0.88361,0,0.73059,0.52656,0.45073,0.71701
0.50535,0.76848,0.92359,0,0.64857,0.64857,0.45073,0.81421
0.47715,0.85012,0,0.37354,0.54643,0.77695,0.45073,0.87802
0.61372,0.85012,0.94983,0,0.54643,0.77695,0.63939,0.87802
0.70481,0.85345,0.96706,0,0.5516,0.78901,0.76325,0.87802
0.50196,0.77482,0.34347,0.37354,0.50423,0.50423,0.50109,0.87802
0.51639,0.54208,0.2255,0.37354,0.5565,0.45195,0.50109,0.57645
0.52616,0.67019,0.63491,0,0.59189,0.53453,0.50109,0.72193
0.35942,0.65213,0.41684,0,0.43924,0.46911,0.32898,0.72193
0.24996,0.64027,0.27367,0,0.33902,0.42616,0.21599,0.72193
0.17809,0.63248,0.17967,0,0.27322,0.39796,0.1418,0.72193
0.44592,0.65582,0.46143,0,0.47045,0.48249,0.43657,0.72193
0.62177,0.67114,0.64641,0,0.59994,0.53798,0.63009,0.72193
0.73721,0.6812,0.76786,0,0.68496,0.57442,0.75714,0.72193
0.81301,0.68781,0.84759,0,0.74077,0.59834,0.84056,0.72193
0.86277,0.69214,0.89994,0,0.77741,0.61404,0.89532,0.72193
0.58042,0.66654,0.49152,0.37354,0.56104,0.52131,0.58781,0.72193
0.57065,0.46424,0.59084,0,0.52565,0.43873,0.58781,0.47397
0.5978,0.60667,0.73137,0,0.62402,0.48089,0.58781,0.65464
0.54926,0.4231,0.3227,0.37354,0.44818,0.40553,0.58781,0.42979
0.56708,0.60646,0.48017,0,0.51273,0.55615,0.58781,0.62564
0.56708,0.69954,0.48017,0.34347,0.51273,0.55615,0.58781,0.75422
0.70407,0.71433,0.65871,0.34347,0.63771,0.60971,0.72938,0.75422
0.70407,0.52679,0.65871,0.2255,0.63771,0.60971,0.72938,0.49517
0.70407,0.40367,0.3227,0.58871,0.63771,0.60971,0.72938,0.32509
0.50597,0.3646,0.3227,0.38651,0.57705,0.46817,0.47886,0.32509
0.38162,0.35226,0.65871,0.14805,0.55791,0.4235,0.31439,0.32509
0.30345,0.35226,0.65871,0.097197,0.55791,0.4235,0.20641,0.32509
0.25213,0.35226,0.3227,0.25375,0.55791,0.4235,0.13551,0.32509
0.26765,0.55628,0.3227,0.51007,0.61412,0.55466,0.13551,0.5569
0.25314,0.38396,0.65871,0.063813,0.56156,0.43203,0.13551,0.36562
0.27579,0.5514,0.3227,0.33487,0.64362,0.46719,0.13551,0.58351
0.27478,0.40396,0.77594,0.063813,0.63996,0.45867,0.13551,0.38309
0.22328,0.28663,0.50943,0.063813,0.45341,0.37871,0.13551,0.25151
0.18958,0.28663,0.50943,0.041895,0.45341,0.37871,0.088967,0.25151
0.16746,0.28663,0.3227,0.21986,0.45341,0.37871,0.05841,0.25151
0.14442,0.26676,0.21186,0.21986,0.42255,0.30673,0.038348,0.25151
0.14376,0.20267,0.50943,0.027505,0.42016,0.30113,0.038348,0.16513
0.38287,0.20267,0.21186,0.14434,0.42016,0.30113,0.36865,0.16513
0.29121,0.20267,0.50943,0.36153,0.42016,0.30113,0.24203,0.16513
0.51223,0.21663,0.67792,0.36153,0.5381,0.35168,0.50237,0.16513
0.38732,0.21663,0.67792,0.23735,0.5381,0.35168,0.32982,0.16513
0.30532,0.21663,0.67792,0.15583,0.5381,0.35168,0.21654,0.16513
0.25148,0.21663,0.67792,0.10231,0.5381,0.35168,0.14216,0.16513
0.21613,0.21663,0.21186,0.094765,0.5381,0.35168,0.093334,0.16513
0.2101,0.16151,0.13909,0.094765,0.51627,0.30074,0.093334,0.10841
0.18689,0.16151,0.67792,0.067168,0.51627,0.30074,0.061277,0.10841
0.44168,0.17067,0.13909,0.062216,0.59371,0.33393,0.3837,0.10841
0.61941,0.22782,0.78855,0.067168,0.68242,0.54092,0.59538,0.10841
0.73405,0.23383,0.86117,0.067168,0.73326,0.5627,0.73435,0.10841
0.80932,0.23778,0.43479,0.062216,0.76664,0.57701,0.8256,0.10841
0.59167,0.20892,0.90886,0.067168,0.72183,0.47247,0.54203,0.10841
0.71159,0.21152,0.94016,0.067168,0.74375,0.48186,0.69933,0.10841
0.4753,0.18477,0.61725,0.067168,0.51771,0.38499,0.45913,0.10841
0.36114,0.18477,0.61725,0.044098,0.51771,0.38499,0.30143,0.10841
0.56024,0.19566,0.28545,0.062216,0.60973,0.42443,0.54137,0.10841
0.68247,0.21476,0.28545,0.38432,0.63939,0.49363,0.69889,0.10841
0.76947,0.24309,0.74871,0.044098,0.68336,0.59623,0.80232,0.10841
0.83531,0.25024,0.53088,0.38432,0.74378,0.62212,0.87021,0.10841
0.61893,0.25024,0.83502,0.044098,0.74378,0.62212,0.57132,0.10841
0.42145,0.22648,0.54822,0.044098,0.54301,0.53608,0.37509,0.10841
0.60682,0.23934,0.53088,0.25232,0.65164,0.58263,0.58973,0.10841
0.72218,0.27047,0.69201,0.25232,0.69997,0.69542,0.73064,0.10841
0.52082,0.22454,0.70339,0.044098,0.62867,0.52904,0.47969,0.10841
0.35486,0.20453,0.45432,0.25232,0.45956,0.45657,0.31493,0.10841
0.26363,0.17437,0.29828,0.25232,0.41274,0.34733,0.20676,0.10841
0.25982,0.13854,0.19583,0.25232,0.39895,0.31516,0.20676,0.071175
0.25982,0.12084,0.12857,0.25232,0.39895,0.31516,0.20676,0.046728
0.25982,0.10922,0.4618,0.044098,0.39895,0.31516,0.20676,0.030679
0.29555,0.36554,0.64665,0.044098,0.52835,0.37062,0.20676,0.36361
0.51624,0.3756,0.76802,0.044098,0.61331,0.40703,0.47921,0.36361
0.66112,0.3822,0.084408,0.25232,0.66908,0.43093,0.65809,0.36361
0.75828,0.41052,0.39889,0.25232,0.71305,0.53353,0.77552,0.36361
0.5541,0.38404,0.8477,0.044098,0.67195,0.43763,0.50916,0.36361
0.68626,0.38838,0.90001,0.044098,0.70857,0.45332,0.67775,0.36361
0.77302,0.39122,0.93435,0.044098,0.73261,0.46362,0.78843,0.36361
0.82998,0.39309,0.9569,0.044098,0.74839,0.47039,0.8611,0.36361
0.86738,0.39432,0.9717,0.044098,0.75876,0.47483,0.90881,0.36361
0.89193,0.39512,0.98142,0.044098,0.76556,0.47774,0.94013,0.36361
0.90805,0.39565,0.9878,0.044098,0.77003,0.47966,0.96069,0.36361
0.91864,0.396,0.26188,0.25232,0.77296,0.48091,0.97419,0.36361
0.91784,0.30374,0.99199,0.044098,0.77009,0.47422,0.97419,0.23872
0.91838,0.49325,0.17193,0.25232,0.77201,0.47504,0.97419,0.5002
0.91838,0.36888,0.11288,0.25232,0.77201,0.47504,0.97419,0.32839
0.93965,0.5855,0.99474,0.044098,0.84906,0.65481,0.97419,0.55907
0.93999,0.69529,0.11288,0.50912,0.85032,0.65535,0.97419,0.71052
0.95396,0.79985,0.11288,0.67772,0.9009,0.77337,0.97419,0.80994
0.95396,0.8471,0.99655,0.044098,0.9009,0.77337,0.97419,0.87522
0.64558,0.81875,0.65426,0.044098,0.6613,0.67069,0.63959,0.87522
0.66853,0.85961,0.41758,0.67772,0.74443,0.70631,0.63959,0.91808
0.66853,0.63134,0.27415,0.67772,0.74443,0.70631,0.63959,0.60275
0.66853,0.48147,0.77301,0.044098,0.74443,0.70631,0.63959,0.39572
0.61722,0.36109,0.50751,0.044098,0.55857,0.62666,0.63959,0.2598
0.4245,0.34665,0.33319,0.044098,0.43655,0.57436,0.41991,0.2598
0.613,0.36562,0.17999,0.67772,0.59687,0.64307,0.61915,0.2598
0.613,0.30102,0.11817,0.67772,0.59687,0.64307,0.61915,0.17057
0.62217,0.52864,0.56222,0.044098,0.63008,0.72056,0.61915,0.45545
0.4309,0.51265,0.11817,0.78842,0.49491,0.66263,0.40649,0.45545
0.4309,0.64805,0.36912,0.044098,0.49491,0.66263,0.40649,0.64249
0.62035,0.666,0.58581,0.044098,0.64659,0.72763,0.61034,0.64249
0.74473,0.67778,0.42105,0.78842,0.74617,0.77031,0.74418,0.64249
0.74473,0.76667,0.6199,0.78842,0.74617,0.77031,0.74418,0.76528
0.54574,0.7341,0.6199,0.51762,0.69562,0.65235,0.48858,0.76528
0.55655,0.8177,0.75045,0.51762,0.73478,0.74374,0.48858,0.8459
0.41578,0.7727,0.4927,0.51762,0.66493,0.58075,0.32077,0.8459
0.41578,0.56237,0.72807,0.044098,0.66493,0.58075,0.32077,0.55536
0.41578,0.67293,0.32347,0.51762,0.66493,0.58075,0.32077,0.70808
