0,0,0,0,0,0,0,0
0.37398,3.4833e-09,0.37398,0,0.26179,0.1122,0.37398,0
0.6081,5.6638e-09,0.6081,0,0.42567,0.18243,0.6081,0
0.75467,7.0289e-09,0,0,0.52827,0.2264,0.75467,0
0.84642,1.5156e-08,0,0.37398,0.64046,0.48819,0.84642,0
0.90386,2.0244e-08,0.75467,0,0.7107,0.65207,0.90386,0
0.56583,1.7616e-08,0.47243,0,0.51313,0.5674,0.56583,0
0.35422,1.7616e-08,0,0.6081,0.51313,0.5674,0.35422,0
0.35422,0.37398,0.47243,0,0.5571,0.67,0.35422,0.37398
0.59573,0.37398,0,0.75467,0.5571,0.67,0.59573,0.37398
0.59573,0.23412,0.47243,0.37398,0.47243,0.47243,0.59573,0.23412
0.37294,0.23412,0.47243,0.23412,0.47243,0.47243,0.37294,0.23412
0.23346,0.23412,0.47243,0.14656,0.47243,0.47243,0.23346,0.23412
0.14615,0.23412,0,0.47243,0.34876,0.41943,0.14615,0.23412
0.14615,0.14656,0.29575,0.14656,0.29575,0.29575,0.14615,0.14656
0.091493,0.14656,0,0.29575,0.29575,0.29575,0.091493,0.14656
0.091493,0.091751,0,0.29575,0.29575,0.29575,0.091493,0.091751
0.057276,0.091751,0,0.29575,0.29575,0.29575,0.057276,0.091751
0.40984,0.091751,0.37398,0.29575,0.31922,0.35051,0.40984,0.091751
0.40984,0.43142,0.37398,0.55913,0.37476,0.48012,0.40984,0.43142
0.40984,0.27008,0.37398,0.35002,0.31922,0.35051,0.40984,0.27008
0.40984,0.54306,0.37398,0.5931,0.38496,0.5039,0.40984,0.54306
0.40984,0.71395,0.37398,0.74528,0.43061,0.61042,0.40984,0.71395
0.40984,0.82093,0.37398,0.84054,0.45919,0.6771,0.40984,0.82093
0.40984,0.8879,0.37398,0.90018,0.47708,0.71885,0.40984,0.8879
0.40984,0.55584,0.29575,0.091751,0.37608,0.48319,0.40984,0.55584
0.40984,0.72195,0.37398,0.56352,0.47105,0.52389,0.40984,0.72195
0.40984,0.82593,0.29575,0.43142,0.52002,0.63816,0.40984,0.82593
0.40984,0.89103,0.29575,0.64406,0.66887,0.70195,0.40984,0.89103
0.40984,0.5578,0.29575,0.40319,0.50026,0.62969,0.40984,0.5578
0.25657,0.5578,0.37398,0.72676,0.42505,0.59746,0.25657,0.5578
0.25657,0.72318,0.37398,0.82895,0.45571,0.66899,0.25657,0.72318
0.25657,0.45272,0.29575,0.2524,0.45571,0.66899,0.25657,0.45272
0.5346,0.45272,0.23412,0.82895,0.62108,0.73986,0.5346,0.45272
0.70865,0.45272,0.29575,0.53199,0.64027,0.78464,0.70865,0.45272
0.81761,0.45272,0.29575,0.70702,0.76279,0.83715,0.81761,0.45272
0.51184,0.45272,0.23412,0.89292,0.5777,0.75782,0.51184,0.45272
0.32042,0.45272,0.23412,0.55898,0.47752,0.52407,0.32042,0.45272
0.32042,0.65739,0.29575,0.44261,0.527,0.63952,0.32042,0.65739
0.57457,0.65739,0.55913,0.44261,0.60856,0.67448,0.57457,0.65739
0.35969,0.65739,0.23412,0.72392,0.527,0.63952,0.35969,0.65739
0.22517,0.65739,0.23412,0.45318,0.44578,0.45001,0.22517,0.65739
0.22517,0.41154,0.35002,0.44261,0.39493,0.33137,0.22517,0.41154
0.14096,0.41154,0.23412,0.2837,0.39493,0.33137,0.14096,0.41154
0.14096,0.63161,0.21912,0.44261,0.4753,0.51889,0.14096,0.63161
0.088244,0.63161,0.23412,0.55158,0.35943,0.46923,0.088244,0.63161
0.088244,0.76938,0.52055,0.55158,0.35943,0.46923,0.088244,0.76938
0.088244,0.48165,0.21912,0.27708,0.35943,0.46923,0.088244,0.48165
0.42923,0.48165,0.51116,0.27708,0.52329,0.53946,0.42923,0.48165
0.64269,0.48165,0.32587,0.55158,0.65126,0.5943,0.64269,0.48165
0.77632,0.48165,0.69398,0.27708,0.70157,0.71169,0.77632,0.48165
0.85997,0.48165,0.80842,0.27708,0.78168,0.74603,0.85997,0.48165
0.53836,0.48165,0.80842,0.17346,0.78168,0.74603,0.53836,0.48165
0.53836,0.30152,0.80842,0.10859,0.78168,0.74603,0.53836,0.30152
0.53836,0.56274,0.88007,0.10859,0.83184,0.76752,0.53836,0.56274
0.711,0.56274,0.92492,0.10859,0.86323,0.78098,0.711,0.56274
0.81908,0.56274,0.92492,0.44196,0.86323,0.78098,0.81908,0.56274
0.81908,0.72627,0.92492,0.65066,0.86323,0.78098,0.81908,0.72627
0.88674,0.72627,0.953,0.65066,0.88289,0.7894,0.88674,0.72627
0.9291,0.72627,0.32587,0.71928,0.89519,0.79467,0.9291,0.72627
0.58163,0.72627,0.32587,0.45028,0.81449,0.60637,0.58163,0.72627
0.58163,0.82864,0.57798,0.45028,0.8528,0.69576,0.58163,0.82864
0.58163,0.51874,0.97058,0.65066,0.81449,0.60637,0.58163,0.51874
0.36411,0.51874,0.6076,0.65066,0.59055,0.5104,0.36411,0.51874
0.60192,0.51874,0.36183,0.45028,0.66313,0.5415,0.60192,0.51874
0.7508,0.51874,0.75435,0.65066,0.72481,0.68541,0.7508,0.51874
0.47001,0.51874,0.47223,0.65066,0.65222,0.65431,0.47001,0.51874
0.29423,0.51874,0.29563,0.65066,0.65222,0.65431,0.29423,0.51874
0.1842,0.51874,0.18507,0.65066,0.65222,0.65431,0.1842,0.51874
0.1842,0.32474,0.18507,0.40732,0.48189,0.5813,0.1842,0.32474
0.48929,0.32474,0.48984,0.40732,0.53965,0.60606,0.48929,0.32474
0.48929,0.57728,0.68063,0.40732,0.6732,0.6633,0.48929,0.57728
0.68029,0.57728,0.36183,0.65587,0.6732,0.6633,0.68029,0.57728
0.68029,0.36138,0.68063,0.62897,0.6732,0.6633,0.68029,0.36138
0.42587,0.36138,0.68063,0.39375,0.6732,0.6633,0.42587,0.36138
0.2666,0.36138,0.22651,0.65587,0.6732,0.6633,0.2666,0.36138
0.2666,0.60022,0.68063,0.24649,0.71181,0.75339,0.2666,0.60022
0.54088,0.60022,0.68063,0.52829,0.71181,0.75339,0.54088,0.60022
0.54088,0.74973,0.22651,0.78457,0.79542,0.78922,0.54088,0.74973
0.54088,0.46934,0.80007,0.52829,0.70739,0.58383,0.54088,0.46934
0.71258,0.46934,0.22651,0.49115,0.75973,0.60626,0.71258,0.46934
0.82007,0.46934,0.87484,0.52829,0.81682,0.73947,0.82007,0.46934
0.88736,0.46934,0.92165,0.52829,0.84959,0.75351,0.88736,0.46934
0.5555,0.46934,0.22651,0.68145,0.60831,0.65011,0.5555,0.46934
0.72174,0.46934,0.57697,0.52829,0.60831,0.65011,0.72174,0.46934
0.45182,0.46934,0.36119,0.52829,0.57424,0.63551,0.45182,0.46934
0.28285,0.46934,0.51578,0.68145,0.45727,0.58537,0.28285,0.46934
0.17707,0.46934,0.32289,0.68145,0.45727,0.58537,0.17707,0.46934
0.17707,0.6678,0.57612,0.68145,0.45727,0.58537,0.17707,0.6678
0.17707,0.41805,0.36119,0.33072,0.45727,0.58537,0.17707,0.41805
0.48483,0.41805,0.60009,0.33072,0.6245,0.65705,0.48483,0.41805
0.30351,0.41805,0.36066,0.68145,0.4674,0.58972,0.30351,0.41805
0.30351,0.63569,0.59976,0.68145,0.4674,0.58972,0.30351,0.63569
0.56399,0.63569,0.37567,0.33072,0.4878,0.63731,0.56399,0.63569
0.35306,0.63569,0.74944,0.68145,0.45634,0.62383,0.35306,0.63569
0.59501,0.63569,0.23517,0.33072,0.48445,0.68942,0.59501,0.63569
0.59501,0.77194,0.84315,0.68145,0.65966,0.76451,0.59501,0.77194
0.59501,0.85723,0.23517,0.58102,0.65966,0.76451,0.59501,0.85723
0.74647,0.85723,0.84315,0.80058,0.76934,0.81152,0.74647,0.85723
0.4673,0.85723,0.84315,0.50118,0.76934,0.81152,0.4673,0.85723
0.4673,0.91062,0.84315,0.68773,0.76934,0.81152,0.4673,0.91062
0.4673,0.94405,0.84315,0.80451,0.76934,0.81152,0.4673,0.94405
0.4673,0.96497,0.23517,0.73771,0.77969,0.83565,0.4673,0.96497
0.66652,0.96497,0.84315,0.87762,0.84835,0.86508,0.66652,0.96497
0.66652,0.97807,0.84315,0.92339,0.86208,0.89711,0.66652,0.97807
0.66652,0.98627,0.23517,0.8358,0.87067,0.91717,0.66652,0.98627
0.79124,0.98627,0.84315,0.95204,0.87067,0.91717,0.79124,0.98627
0.86931,0.98627,0.90181,0.95204,0.87067,0.91717,0.86931,0.98627
0.86931,0.99141,0.93853,0.95204,0.87067,0.91717,0.86931,0.99141
0.86931,0.62064,0.52121,0.8358,0.87067,0.91717,0.86931,0.62064
0.91819,0.62064,0.58753,0.95204,0.87067,0.91717,0.91819,0.62064
0.5748,0.62064,0.70027,0.8358,0.87067,0.91717,0.5748,0.62064
0.73382,0.62064,0.81236,0.8358,0.87067,0.91717,0.73382,0.62064
0.45938,0.62064,0.81236,0.52323,0.85427,0.91014,0.45938,0.62064
0.28758,0.62064,0.50855,0.52323,0.65187,0.8234,0.28758,0.62064
0.55401,0.62064,0.50855,0.70153,0.77668,0.87689,0.55401,0.62064
0.34682,0.62064,0.31836,0.70153,0.77668,0.87689,0.34682,0.62064
0.34682,0.76251,0.31836,0.81315,0.85482,0.91037,0.34682,0.76251
0.5911,0.76251,0.57328,0.81315,0.85482,0.91037,0.5911,0.76251
0.5911,0.47734,0.35888,0.81315,0.85482,0.91037,0.5911,0.47734
0.74402,0.47734,0.35888,0.88303,0.90373,0.93134,0.74402,0.47734
