0,0,0,0,0,0,0,0
1.0717e-09,0.5886,0.5886,0,0.17658,0.41202,0,0.5886
4.409e-10,0.24215,0.24215,0,0.072645,0.1695,0,0.24215
0.5886,0.24215,0.68822,0,0.20647,0.48175,0.5886,0.24215
0.5886,0.68822,0.87173,0,0.26152,0.61021,0.5886,0.68822
0.5886,0.87173,0.94723,0,0.28417,0.66306,0.5886,0.87173
0.5886,0.94723,0.97829,0,0.29349,0.6848,0.5886,0.94723
0.5886,0.97829,0.99107,0,0.29732,0.69375,0.5886,0.97829
0.5886,0.40247,0.40773,0,0.12232,0.28541,0.5886,0.40247
0.5886,0.75418,0.75634,0,0.2269,0.52944,0.5886,0.75418
0.5886,0.31027,0,0,0.093347,0.21781,0.5886,0.31027
0.5886,0.71624,0.31116,0,0.50537,0.39439,0.5886,0.71624
0.5886,0.88326,0.71661,0,0.627,0.67821,0.5886,0.88326
0.5886,0.95197,0.5886,0,0.67704,0.79497,0.5886,0.95197
0.5886,0.39164,0.88341,0,0.43453,0.69103,0.5886,0.39164
0.5886,0.74972,0.95204,0,0.45512,0.73907,0.5886,0.74972
0.5886,0.89704,0.24215,0,0.46359,0.75883,0.5886,0.89704
0.5886,0.36904,0.09962,0,0.36381,0.71607,0.5886,0.36904
0.5886,0.15182,0.040984,0,0.32277,0.69848,0.5886,0.15182
0.5886,0.06246,0.016861,0,0.30588,0.69125,0.5886,0.06246
0.24215,0.06246,0.0069365,0,0.29894,0.68827,0.24215,0.06246
0.68822,0.06246,0.0069365,0.5886,0.7061,0.86277,0.68822,0.06246
0.28313,0.06246,0.0069365,0.24215,0.46359,0.75883,0.28313,0.06246
0.28313,0.025696,0.98027,0,0.36381,0.71607,0.28313,0.025696
0.28313,0.010571,0.0069365,0.09962,0.36381,0.71607,0.28313,0.010571
0.11648,0.010571,0.98027,0,0.36381,0.71607,0.11648,0.010571
0.11648,0.59295,0.98027,0.5886,0.36381,0.71607,0.11648,0.59295
0.11648,0.83254,0.0028537,0.09962,0.36381,0.71607,0.11648,0.83254
0.04792,0.83254,0.001174,0.09962,0.36381,0.71607,0.04792,0.83254
0.60832,0.83254,0.58908,0.09962,0.70644,0.86291,0.60832,0.83254
0.60832,0.34251,0.24235,0.09962,0.46372,0.75889,0.60832,0.34251
0.83886,0.34251,0.6883,0.09962,0.77589,0.89268,0.83886,0.34251
0.34511,0.34251,0.98027,0.83075,0.4923,0.77114,0.34511,0.34251
0.34511,0.72951,0.28317,0.09962,0.49578,0.77927,0.34511,0.72951
0.14198,0.72951,0.99188,0.83075,0.37911,0.72927,0.14198,0.72951
0.64701,0.72951,0.11649,0.09962,0.38054,0.73261,0.64701,0.72951
0.85478,0.72951,0.63653,0.09962,0.74457,0.88862,0.85478,0.72951
0.94026,0.72951,0.99666,0.83075,0.89433,0.9528,0.94026,0.72951
0.97542,0.72951,0.99863,0.83075,0.89491,0.95418,0.97542,0.72951
0.98989,0.72951,0.99943,0.83075,0.89516,0.95474,0.98989,0.72951
0.99584,0.72951,0.85047,0.09962,0.89526,0.95498,0.99584,0.72951
0.40969,0.72951,0.99977,0.83075,0.54485,0.8048,0.40969,0.72951
0.40969,0.88872,0.34988,0.09962,0.54489,0.8049,0.40969,0.88872
0.40969,0.36562,0.14394,0.09962,0.40073,0.74312,0.40969,0.36562
0.40969,0.15042,0.14394,0.040984,0.40073,0.74312,0.40969,0.15042
0.16855,0.15042,0.059217,0.040984,0.34142,0.7177,0.16855,0.15042
0.16855,0.061881,0.059217,0.016861,0.34142,0.7177,0.16855,0.061881
0.65794,0.061881,0.61296,0.016861,0.72905,0.88382,0.65794,0.061881
0.27068,0.061881,0.9999,0.83075,0.47649,0.77558,0.27068,0.061881
0.27068,0.61406,0.25217,0.016861,0.47651,0.77562,0.27068,0.61406
0.69996,0.61406,0.25217,0.59554,0.71686,0.87863,0.69996,0.61406
0.87656,0.61406,0.25217,0.8336,0.88351,0.95005,0.87656,0.61406
0.94922,0.61406,0.25217,0.93154,0.95207,0.97944,0.94922,0.61406
0.39051,0.61406,0.99996,0.83075,0.56825,0.81494,0.39051,0.61406
0.16065,0.61406,0.41138,0.83075,0.51749,0.6965,0.16065,0.61406
0.066093,0.61406,0.25217,0.38324,0.39168,0.40294,0.066093,0.61406
0.066093,0.84122,0.41138,0.34177,0.60806,0.49567,0.066093,0.84122
0.066093,0.93468,0.75784,0.34177,0.71199,0.73819,0.066093,0.93468
0.066093,0.38453,0.31178,0.34177,0.58717,0.44694,0.066093,0.38453
0.066093,0.15819,0.69234,0.38324,0.57817,0.42595,0.066093,0.15819
0.61579,0.15819,0.31178,0.1406,0.61592,0.44212,0.61579,0.15819
0.25334,0.15819,0.69234,0.74626,0.61592,0.44212,0.25334,0.15819
0.10422,0.15819,0.31178,0.057844,0.57817,0.42595,0.10422,0.15819
0.10422,0.65368,0.69234,0.30701,0.66836,0.63638,0.10422,0.65368
0.10422,0.26892,0.69234,0.1263,0.66836,0.63638,0.10422,0.26892
0.10422,0.69924,0.31178,0.6124,0.79512,0.69071,0.10422,0.69924
0.10422,0.28767,0.87343,0.1263,0.70493,0.48027,0.10422,0.28767
0.10422,0.70695,0.31178,0.25194,0.75708,0.50262,0.10422,0.70695
0.10422,0.87944,0.94793,0.1263,0.87861,0.78618,0.10422,0.87944
0.10422,0.3618,0.71687,0.25194,0.48804,0.6188,0.10422,0.3618
0.10422,0.14884,0.29492,0.25194,0.36146,0.32344,0.10422,0.14884
0.63148,0.14884,0.38998,0.1263,0.48066,0.60157,0.63148,0.14884
0.84839,0.14884,0.38998,0.64056,0.65607,0.67674,0.84839,0.14884
0.93763,0.14884,0.38998,0.85213,0.80416,0.74021,0.93763,0.14884
0.97434,0.14884,0.38998,0.93917,0.86509,0.76632,0.97434,0.14884
0.98944,0.14884,0.29492,0.69225,0.89016,0.77707,0.98944,0.14884
0.40706,0.14884,0.29492,0.28479,0.77096,0.49893,0.40706,0.14884
0.40706,0.061234,0.29492,0.11716,0.77096,0.49893,0.40706,0.061234
0.40706,0.61379,0.38998,0.97497,0.89546,0.78944,0.40706,0.61379
0.40706,0.25251,0.16044,0.97497,0.89546,0.78944,0.40706,0.25251
0.40706,0.69248,0.70993,0.11716,0.90577,0.79386,0.40706,0.69248
0.40706,0.87349,0.88067,0.11716,0.95699,0.91338,0.40706,0.87349
0.40706,0.94795,0.95091,0.11716,0.97806,0.96255,0.40706,0.94795
0.40706,0.97859,0.9798,0.11716,0.98673,0.98277,0.40706,0.97859
0.40706,0.40259,0.16044,0.9897,0.81372,0.57907,0.40706,0.40259
0.16746,0.40259,0.40309,0.11716,0.81372,0.57907,0.16746,0.40259
0.068894,0.40259,0.066003,0.9897,0.81372,0.57907,0.068894,0.40259
0.068894,0.16563,0.40309,0.048201,0.81372,0.57907,0.068894,0.16563
0.028343,0.16563,0.027154,0.9897,0.81372,0.57907,0.028343,0.16563
0.028343,0.068138,0.011171,0.9897,0.81372,0.57907,0.028343,0.068138
0.60026,0.068138,0.40309,0.01983,0.81372,0.57907,0.60026,0.068138
0.60026,0.61663,0.5932,0.9897,0.91912,0.82501,0.60026,0.61663
0.60026,0.84228,0.75443,0.01983,0.92336,0.82683,0.60026,0.84228
0.60026,0.34651,0.75443,0.0081579,0.92336,0.82683,0.60026,0.34651
0.60026,0.14256,0.5932,0.99576,0.92336,0.82683,0.60026,0.14256
0.24695,0.14256,0.24404,0.99576,0.92336,0.82683,0.24695,0.14256
0.10159,0.14256,0.75443,0.0033562,0.51309,0.651,0.10159,0.14256
0.10159,0.058647,0.24404,0.40966,0.51309,0.651,0.10159,0.058647
0.10159,0.024128,0.75443,0.0013807,0.51309,0.651,0.10159,0.024128
0.10159,0.59853,0.75443,0.58917,0.51309,0.651,0.10159,0.59853
0.10159,0.24623,0.1004,0.40966,0.46351,0.53532,0.10159,0.24623
0.10159,0.6899,0.31037,0.58917,0.70674,0.63956,0.10159,0.6899
0.10159,0.87243,0.31037,0.83098,0.77929,0.80883,0.10159,0.87243
0.10159,0.35892,0.1004,0.75713,0.63255,0.46645,0.10159,0.35892
0.6304,0.35892,0.1004,0.90008,0.73262,0.50933,0.6304,0.35892
0.25934,0.35892,0.1004,0.37029,0.36177,0.35039,0.25934,0.35892
0.10669,0.35892,0.31037,0.34187,0.36177,0.35039,0.10669,0.35892
0.10669,0.14766,0.041304,0.37029,0.35232,0.32835,0.10669,0.14766
0.10669,0.64935,0.31037,0.14064,0.51703,0.39894,0.10669,0.64935
0.10669,0.85574,0.60559,0.37029,0.6388,0.68308,0.10669,0.85574
0.10669,0.35205,0.71629,0.14064,0.47409,0.61249,0.10669,0.35205
0.10669,0.14483,0.24914,0.37029,0.34761,0.31736,0.10669,0.14483
0.10669,0.64819,0.24914,0.74094,0.60706,0.42856,0.10669,0.64819
0.10669,0.26666,0.1025,0.74094,0.60706,0.42856,0.10669,0.26666
0.10669,0.69831,0.29468,0.14064,0.7138,0.4743,0.10669,0.69831
0.10669,0.87588,0.29468,0.64646,0.81933,0.72055,0.10669,0.87588
0.10669,0.94894,0.29468,0.85455,0.88176,0.86621,0.10669,0.94894
0.10669,0.39039,0.29468,0.35156,0.73086,0.51412,0.10669,0.39039
0.043894,0.39039,0.1025,0.89342,0.7138,0.4743,0.043894,0.39039
0.018058,0.39039,0.29468,0.14463,0.7138,0.4743,0.018058,0.39039
0.018058,0.74921,0.042167,0.89342,0.83835,0.76491,0.018058,0.74921
0.018058,0.30822,0.70983,0.14463,0.83835,0.76491,0.018058,0.30822
0.018058,0.1268,0.29202,0.14463,0.713,0.47244,0.018058,0.1268
0.59603,0.1268,0.017347,0.89342,0.81983,0.7217,0.59603,0.1268
