0,0,0,0,0,0,0,0
3.7033e-09,6.8783e-10,0.48731,0,0.34112,0.14619,2.0983e-09,0
0.23747,3.5264e-10,0,0,0.17489,0.074952,0.23747,0
0.12175,1.9576e-09,0.48731,0,0.32108,0.41607,0.12175,0
0.29989,2.3219e-09,0.73715,0,0.4935,0.4935,0.29989,0
0.51297,2.0441e-09,0.86524,0,0.68062,0.43446,0.51297,0
0.68464,2.1368e-09,0.93091,0,0.72659,0.45416,0.68464,0
0.80465,2.1843e-09,0.96458,0,0.75016,0.46426,0.80465,0
0.88258,2.2087e-09,0.98184,0,0.76224,0.46944,0.88258,0
0.93095,1.5333e-09,0.24984,0,0.42732,0.3259,0.93095,0
0.59904,2.7373e-09,0.50338,0,0.53698,0.58179,0.59904,0
0.55242,2.3911e-09,0.25808,0,0.36527,0.5082,0.55242,0
0.40898,2.2135e-09,0.13231,0,0.27724,0.47047,0.40898,0
0.27416,2.8104e-09,0.55515,0,0.57322,0.59733,0.27416,0
0.41109,2.4285e-09,0.28462,0,0.38385,0.51617,0.41109,0
0.34946,2.9206e-09,0.63323,0,0.62788,0.62075,0.34946,0
0.48774,3.1729e-09,0.6154,0,0.75299,0.67437,0.48774,0
0.25006,3.1729e-09,0.81196,0,0.75299,0.67437,0.25006,0
0.52388,3.3022e-09,0.9036,0,0.81714,0.70186,0.52388,0
0.70892,2.6807e-09,0.6154,0,0.5089,0.56976,0.70892,0
0.66335,1.693e-09,0.46326,0,0.41894,0.35983,0.66335,0
0.56584,2.0622e-09,0.31551,0,0.60203,0.4383,0.56584,0
0.44385,1.5558e-09,0.72482,0,0.5559,0.33068,0.44385,0
0.58077,1.0573e-09,0.37161,0,0.30865,0.22471,0.58077,0
0.47884,8.0165e-10,0.19052,0,0.18189,0.17039,0.47884,0
0.2455,1.2206e-09,0.19052,0.48731,0.38965,0.25942,0.2455,0
0.36334,1.5732e-09,0.19052,0.73715,0.56453,0.33438,0.36334,0
0.5455,1.754e-09,0.19052,0.86524,0.6542,0.3728,0.5455,0
0.70131,1.1589e-09,0.16176,0,0.35905,0.24631,0.70131,0
0.35956,1.1589e-09,0.19052,0.4436,0.35905,0.24631,0.35956,0
0.27718,1.1589e-09,0.097676,0.4436,0.35905,0.24631,0.27718,0
0.35828,8.5375e-10,0.097676,0.22743,0.20773,0.18146,0.35828,0
0.23128,8.5375e-10,0.050078,0.22743,0.20773,0.18146,0.23128,0
0.2294,1.3851e-09,0.050078,0.60391,0.47127,0.2944,0.2294,0
0.41191,1.6576e-09,0.16176,0,0.60638,0.35231,0.41191,0
0.21118,1.6576e-09,0.050078,0.79693,0.60638,0.35231,0.21118,0
0.49662,1.1094e-09,0.050078,0.40858,0.33453,0.2358,0.49662,0
0.27902,1.1094e-09,0.025674,0.40858,0.33453,0.2358,0.27902,0
0.15556,1.1094e-09,0.16176,0,0.33453,0.2358,0.15556,0
0.15858,2.4548e-09,0.57024,0,0.45708,0.52174,0.15858,0
0.35919,1.5396e-09,0.013163,0.40858,0.37371,0.32722,0.35919,0
0.19057,1.5396e-09,0.29236,0,0.37371,0.32722,0.19057,0
0.24017,2.6753e-09,0.0067484,0.40858,0.47716,0.56861,0.24017,0
0.32224,2.3942e-09,0.0067484,0.20947,0.33779,0.50888,0.32224,0
0.26729,2.938e-09,0.0067484,0.59471,0.60745,0.62445,0.26729,0
0.42684,3.2168e-09,0.6372,0,0.74571,0.6837,0.42684,0
0.52935,3.799e-09,0.0067484,0.79221,0.79875,0.80746,0.52935,0
0.65745,3.2541e-09,0.814,0,0.52851,0.69164,0.65745,0
0.73374,3.5527e-09,0.90464,0,0.5557,0.75509,0.73374,0
0.81702,3.7057e-09,0.0067484,0.40616,0.56964,0.78762,0.81702,0
0.42216,3.7057e-09,0.95111,0,0.56964,0.78762,0.42216,0
0.67993,3.7842e-09,0.0034598,0.40616,0.57679,0.8043,0.67993,0
0.54651,3.5048e-09,0.97493,0,0.43824,0.74492,0.54651,0
0.75529,1.9401e-09,0.0034598,0.20823,0.29571,0.41236,0.75529,0
0.38891,2.3365e-09,0.49984,0,0.49231,0.49661,0.38891,0
0.44297,1.5343e-09,0.48909,0.20823,0.41924,0.32611,0.44297,0
0.46544,1.1979e-09,0.25075,0.20823,0.2524,0.25461,0.46544,0
0.36082,1.7133e-09,0.61587,0.20823,0.50799,0.36414,0.36082,0
0.48511,1.2897e-09,0.25626,0,0.2979,0.27411,0.48511,0
0.37359,8.7837e-10,0.31575,0.20823,0.26044,0.18669,0.37359,0
0.3454,7.2661e-10,0.16188,0.20823,0.18518,0.15444,0.3454,0
0.27856,1.2712e-09,0.16188,0.59407,0.45526,0.27019,0.27856,0
0.43231,1.5504e-09,0.13138,0,0.59373,0.32953,0.43231,0
0.28566,1.3396e-09,0.16188,0.79188,0.57453,0.28472,0.28566,0
0.53235,1.4827e-09,0.16188,0.8933,0.64552,0.31514,0.53235,0
0.70825,1.5561e-09,0.16188,0.9453,0.68192,0.33074,0.70825,0
0.82376,1.5937e-09,0.16188,0.97195,0.70058,0.33874,0.82376,0
0.50122,1.5937e-09,0.067358,0,0.70058,0.33874,0.50122,0
0.25697,1.5937e-09,0.082994,0.97195,0.70058,0.33874,0.25697,0
0.60539,1.613e-09,0.082994,0.98562,0.71014,0.34284,0.60539,0
0.79068,1.6229e-09,0.067358,0,0.71505,0.34494,0.79068,0
0.4382,3.1197e-09,0.082994,0.99263,0.85139,0.66308,0.4382,0
0.70838,2.437e-09,0.082994,0.50891,0.51279,0.51796,0.70838,0
0.61117,2.7748e-09,0.082994,0.74822,0.68031,0.58976,0.61117,0
0.67796,2.948e-09,0.082994,0.87092,0.7662,0.62657,0.67796,0
0.77199,3.0367e-09,0.082994,0.93382,0.81023,0.64544,0.77199,0
0.85085,3.0823e-09,0.082994,0.96607,0.8328,0.65511,0.85085,0
0.907,2.4178e-09,0.082994,0.49529,0.50326,0.51388,0.907,0
0.70637,2.7649e-09,0.082994,0.74124,0.67542,0.58766,0.70637,0
0.72336,2.2551e-09,0.082994,0.38003,0.42257,0.4793,0.72336,0
0.55605,1.9937e-09,0.082994,0.19483,0.29294,0.42374,0.55605,0
0.32552,2.4666e-09,0.52986,0.19483,0.52746,0.52425,0.32552,0
0.4251,2.1021e-09,0.52185,0,0.34671,0.44679,0.4251,0
0.47225,2.8695e-09,0.75486,0,0.41661,0.6099,0.47225,0
0.47225,0.36785,0.38701,0,0.30626,0.3524,0.47225,0.36785
0.47225,0.18859,0.38701,0,0.30626,0.3524,0.47225,0.18859
0.47225,0.096689,0.38701,0,0.30626,0.3524,0.47225,0.096689
0.47225,0.23816,0.19841,0,0.24968,0.22039,0.47225,0.23816
0.47225,0.21879,0.58904,0,0.36687,0.49382,0.47225,0.21879
0.47225,0.39922,0.30199,0,0.28076,0.29289,0.47225,0.39922
0.47225,0.35184,0.15483,0,0.23661,0.18988,0.47225,0.35184
0.47225,0.18038,0.15483,0,0.23661,0.18988,0.47225,0.18038
0.47225,0.09248,0.15483,0,0.23661,0.18988,0.47225,0.09248
0.47225,0.047413,0.15483,0,0.23661,0.18988,0.47225,0.047413
0.47225,0.024308,0.27165,0.19483,0.23661,0.18988,0.47225,0.024308
0.47225,0.10741,0.15483,0,0.45749,0.28454,0.47225,0.10741
0.47225,0.13052,0.27165,0.5872,0.43485,0.23173,0.47225,0.13052
0.52827,0.13052,0.27165,0.30105,0.23455,0.14588,0.52827,0.13052
0.41754,0.13052,0.27165,0.64166,0.47297,0.24806,0.41754,0.13052
0.52676,0.13052,0.079378,0,0.25409,0.15426,0.52676,0.13052
0.27006,0.13052,0.27165,0.32897,0.25409,0.15426,0.27006,0.13052
0.29877,0.13052,0.27165,0.16866,0.21397,0.13706,0.29877,0.13052
0.28556,0.13052,0.62659,0.16866,0.46242,0.24354,0.28556,0.13052
0.45174,0.13052,0.079378,0,0.24868,0.15194,0.45174,0.13052
0.2316,0.13052,0.32124,0.16866,0.37106,0.43749,0.2316,0.13052
0.20093,0.13052,0.32124,0.086469,0.37106,0.43749,0.20093,0.13052
0.14515,0.13052,0.32124,0.53164,0.51834,0.50061,0.14515,0.13052
0.33349,0.13052,0.32124,0.27257,0.37106,0.43749,0.33349,0.13052
0.3038,0.13052,0.079378,0.48731,0.58513,0.52923,0.3038,0.13052
0.39323,0.13052,0.32124,0.62705,0.51389,0.363,0.39323,0.13052
0.35815,0.13052,0.079378,0.24984,0.53136,0.37049,0.35815,0.13052
0.2223,0.13052,0.040696,0.24984,0.53136,0.37049,0.2223,0.13052
0.1338,0.13052,0.65201,0.62705,0.53136,0.37049,0.1338,0.13052
0.38633,0.13052,0.33428,0.62705,0.51389,0.363,0.38633,0.13052
0.50364,0.13052,0.33428,0.32148,0.30895,0.27517,0.50364,0.13052
0.42111,0.13052,0.17138,0.32148,0.29999,0.27133,0.42111,0.13052
0.37256,0.13052,0.020864,0.24984,0.53144,0.37053,0.37256,0.13052
0.31276,0.13052,0.020864,0.12809,0.49492,0.2853,0.31276,0.13052
0.31276,0.077081,0.17138,0.65213,0.49492,0.2853,0.31276,0.077081
0.31276,0.35731,0.17138,0.33434,0.27247,0.18996,0.31276,0.35731
0.31276,0.34612,0.17138,0.65872,0.49953,0.28728,0.31276,0.34612
0.31276,0.49845,0.010697,0.12809,0.61595,0.33717,0.31276,0.49845
