0.87953
5.6739e-07
1
1.7445e-09
1.9452e-08
1
0.63071
0.62425
1
1.5029e-09
0.5268
2.7582e-08
0.51009
1.1095e-07
0.42693
1
1
1.2607e-08
0.68838
2.6245e-09
0.51906
3.0716e-09
0.34469
8.395e-09
0.3746
0.36426
9.9117e-07
2.9652e-09
1.3343e-06
1.3557e-07
3.0774e-09
0.79673
0.00091324
0.44467
0.11099
0.57623
3.1046e-08
0.92376
2.7522e-09
3.9616e-09
0.78569
1.6844e-09
1.6637e-07
1.7141e-08
0.13174
4.915e-09
0.7232
1.0908e-07
0.5897
8.8553e-07
0.56643
1.6931e-09
0.78187
5.1358e-08
0.61798
0.90983
1.4131e-08
5.1581e-09
7.2184e-09
4.7049e-09
0.77379
0.13421
3.7893e-06
0.62908
0.41376
1.5475e-06
0.33224
0.66052
0.37645
0.28159
0.12976
0.9939
4.8922e-09
1.7611e-08
0.12642
0.90969
0.092839
5.0826e-09
1.5948e-07
0.083955
2.0133e-09
0.18239
0.9061
6.0692e-09
4.9329e-09
5.7762e-09
0.26728
0.23543
0.99999
1
2.2428e-06
5.9819e-07
0.47104
0.68609
0.77323
2.8891e-07
0.93085
0.47344
2.8207e-09
0.13627
0.34728
0.53535
7.1758e-09
0.66528
0.78127
2.3456e-08
1
2.0642e-08
3.1574e-06
3.6064e-09
0.77918
0.23502
0.9053
0.67929
2.6819e-09
2.4062e-08
3.7601e-07
3.1262e-09
0.22474
0.47321
0.83084
0.79808
0.66428
0.09151
0.00014285
1
0.36505
0.73053
1.1992e-09
2.6919e-09
0.27608
0.4661
1.7743e-06
1.2669e-09
1.9866e-05
6.7941e-05
1.6082e-09
1.8136e-09
1.0424e-09
4.5759e-06
0.49158
0.69845
1.4015e-08
0.22044
1.1235e-09
1.8987e-08
3.2436e-06
0.11065
0.5531
0.59642
3.0993e-08
1.6056e-08
5.5426e-09
1.2491e-05
0.9999
0.28335
0.81355
0.5265
2.9617e-09
2.2437e-09
6.9338e-09
7.8018e-09
6.4094e-08
0.58004
0.49558
0.76391
0.45297
0.38421
3.8911e-08
1.8799e-07
1
0.43279
8.7504e-07
0.56178
4.857e-08
1.7372e-08
1
2.7984e-09
0.74396
3.218e-09
0.29456
0.68155
2.6145e-09
1.4784e-08
7.4252e-08
0.1085
8.4206e-09
5.6202e-08
6.3967e-09
0.1477
2.5092e-09
3.0281e-08
4.4093e-09
1.4561e-06
0.20611
3.3152e-09
4.1826e-06
